28 19 14 13 14
19 34 14 13 14 14 14 14 14 14 14 14 14 14 14 14 14 14 14 14 14 14 14 14 14 14 14 14 14 14 14 14 14 14 14 14 14 14 14 14 14 14 14 14 14 14 14 14 14 14 14 14 14 14 14 14
30 19 14 13 14 14
19 34 14 13 14 14 14 14 14 14 14 14 14 14 14 14 14 14 14 14 14 14 14 14 14 14 14 14 14 14 14 14 14 14 14 14 14 14 14 14 14 14 14 14 14 14 14 14 14 14 14 14 14 14 14 14 14 14 14 14 14 14 14 14 14 14 14 14 14 14 14 14 14 14 14 14 14 14 14 14 14 14 14 14 14 14 14 14 14 14 14 14 14 14 14 14 14 14 14 14 14 14 14 14 14 14 14 14 14 14 14 14 14 14 14 14 14 14 14 14 14 14 14 14 14 14 14 14 14 14 14 14 14 14 14 14 14 14 14 14 14 14 14 14 14 14 14 14 14 14 14 14 14 14 14 14 14 14 14 14 14 14 14 14 14 14 14 14 14 14 14 14 14 14 14 14 14 14 14 14 14 14 14 14 14 14 14 14 14 14 14 14 14 14 14 14 14 14 14 14 14 14 14 14 14 14 14 14 14 14 14 14 14 14 14 14 14 14 14 14 14 14 14 14 14 14 14 14 14 14 14 14 14 14 14 14 14 14 14 14 14 14 14 14 14 14 14 14 14 14 14 14 14 14 14 14 14 14 14 14 14 14 14 14 14 14 14 14 14 14 14 14 14 14 14 14 14 14 14 14 14 14 14 14 14 14 14 14 14 14 14 14 14 14 14 14
19 37 14 13 14 14 14 14 14 38 38
19 31 14 13 14 14 14 14 14 14 14
37 19 14 13 14 14 14 14 14 38 38
15 8 10 11 9 12 13 10 11 16 12
1 2 3 4
28 19 14 13 14
1 2 3 4
15 8 10 11 9 12 13 10 11 16 12
15 8 10 9 11 12 13 10 11 16 12
19 30 14 13 14 14
1 2 3 4
15 8 10 11 9 12 13 10 11 16 12
19 30 14 13 14 14
19 28 14 13 14
15 8 10 11 9 12 13 10 11 16 12
19 33 14 13 14 14
1 2 3 4
19 28 14 13
1 2 3 4
1 2 3 4
29 19 14 13 14 14 14 14 14 14 14 14 14 14 14 14 14 14 14 14 14 14 14 14 14 14 14 14 14 14 14 14 14 14 14 14 14 14 14
29 19 14 13 14 14 14 14 14 14 14 14 14 14 14 14 14 14 14 14 14 14 14 14 14 14 14 14 14 14 14 14 14 14 14 14 14 14 14
1 2 3 4
15 8 10 11 9 12 13 10 11 16 12
19 28 14 13 14
30 19 14 13 14 14
19 30 14 13 14 14
1 2 3 4
29 19 14 13 14 14 14 14 14 14 14 14 14 14 14 14 14 14 14 14 14 14 14 14 14 14 14 14 14 14 14 14 14 14 14 14 14 14 14
1 2 3 4
1 2 3 4
19 28 14 13 14
29 19 14 13 14 14 14 14 14 14 14 14 14 14 14 14 14 14 14 14 14 14 14 14 14 14 14 14 14 14 14 14 14 14 14 14 14 14 14
15 8 10 11 9 12 13 10 11 16 12
15 8 10 11 9 12 13 10 11 16 12
1 2 3 4
1 2 3 4
19 30 14 13 14 14
1 2 3 4
29 19 14 13 14 14 14 14 14 14 14 14 14 14 14 14 14 14 14 14 14 14 14 14 14 14 14 14 14 14 14 14 14 14 14 14 14 14 14
37 19 14 13 14 14 14 14 14 38 38
19 28 14 13
19 29 14 13 14 14 14 14 14 14 14 14 14 14 14 14 14 14 14 14 14 14 14 14 14 14 14 14 14 14 14 14 14 14 14 14 14 14 14
1 2 3 4
1 2 3 4
19 29 14 13 14 14 14 14 14 14 14 14 14 14 14 14 14 14 14 14 14 14 14 14 14 14 14 14 14 14 14 14 14 14 14 14 14 14 14
19 29 14 13 14 14 14 14 14 14 14 14 14 14 14 14 14 14 14 14 14 14 14 14 14 14 14 14 14 14 14 14 14 14 14 14 14 14 14
1 2 3 4
1 2 3 4
6
15 8 10 11 9 12 13 10 11 16 12
19 36 14 13 14 14 14 14 14 14 14
28 19 14 13 14
15 8 10 11 9 12 13 10 11 16 12
19 34 14 13 14 14 14 14 14 14 14 14 14 14 14 14 14 14 14 14 14 14 14 14 14 14 14 14 14 14 14 14 14 14 14 14 14 14 14 14 14 14 14 14 14 14 14 14 14 14 14 14 14 14 14 14 14 14 14 14 14 14 14 14 14 14 14 14 14 14 14 14 14 14 14 14 14 14 14 14 14 14 14 14 14 14 14 14 14 14 14 14 14 14 14 14 14 14 14 14 14 14 14 14 14 14
19 31 14 13 14 14 14 14 14 14
29 19 14 13 14 14 14 14 14 14 14 14 14 14 14 14 14 14 14 14 14 14 14 14 14 14 14 14 14 14 14 14 14 14 14 14 14 14 14
30 19 14 13 14 14
19 33 14 13 14 14
1 2 3 4
1 2 3 4
1 2 3 4
1 2 3 4
29 19 14 13 14 14 14 14 14 14 14 14 14 14 14 14 14 14 14 14 14 14 14 14 14 14 14 14 14 14 14 14 14 14 14 14 14 14 14
19 31 14 13 14 14 14 14 14 14
1 2 3 4
19 31 14 13 14 14 14 14 14 14 14
29 18 19 14 13 14 14 14 14 14 14 14 14 14 14 14 14 14 14 14 14 14 14 14 14 14 14 14 14 14 14 14 14 14 14 14 14 14 14 14
1 2 3 4
19 31 14 13 14 14 14 14 14 14
1 2 3 4
19 29 14 13 14 14 14 14 14 14 14 14 14 14 14 14 14 14 14 14 14 14 14 14 14 14 14 14 14 14 14 14 14 14 14 14 14 14 14
30 19 14 13 14 14
1 2 3 4
30 19 14 13 14 14
1 2 3 4
1 2 3 4
28 19 14 13 14
19 28 14 13
29 19 14 13 14 14 14 14 14 14 14 14 14 14 14 14 14 14 14 14 14 14 14 14 14 14 14 14 14 14 14 14 14 14 14 14 14 14 14
32 19 14 13 14 14 14
1 2 3 4
1 2 3 4
1 2 3 4
29 19 14 13 14 14 14 14 14 14 14 14 14 14 14 14 14 14 14 14 14 14 14 14 14 14 14 14 14 14 14 14 14 14 14 14 14 14 14
29 19 14 13 14 14 14 14 14 14 14 14 14 14 14 14 14 14 14 14 14 14 14 14 14 14 14 14 14 14 14 14 14 14 14 14 14 14 14
1 2 3 4
1 2 3 4
19 30 14 13 14 14
30 19 14 13 14 14
31 19 14 13 14 14 14 14 14 14 14 14 14 14 14 14 14 14 14 14 14 14 14 14 14 14 14 14 14 14 14 14 14 14 14 14 14 14 14 14 14 14 14 14 14 14 14 14 14 14 14 14 14 14 14 14 14 14 14 14 14 14 14 14 14 14 14 14 14 14 14 14 14 14 14 14 14 14 14 14 14 14 14 14 14 14 14 14 14 14 14 14 14 14 14 14 14 14 14 14 14 14 14 14 14 14 14 14 14 14 14 14 14 14 14 14 14 14 14 14 14 14 14 14 14 14 14 14 14 14 14 14 14 14 14 14 14 14 14 14 14 14 14 14 14 14 14 14 14 14 14 14 14 14 14 14 14 14 14 14 14 14 14 14 14 14 14 14 14 14 14 14 14 14 14 14 14 14 14 14 14 14 14 14 14 14 14 14 14 14 14 14 14 14 14 14 14 14 14 14 14 14 14 14 14 14 14 14 14 14 14 14 14 14 14 14 14 14 14 14 14 14 14 14 14 14 14 14 14 14 14 14 14 14 14 14 14 14 14 14 14 14 14 14 14 14 14 14 14 14 14 14 14 14 14 14 14 14 14 14 14 14 14 14 14 14 14 14 14 14 14 14 14 14 14 14 14 14 14 14 14 14 14 14 14 14 14 14 14 14 14 14 14 14 14 14 14
1 2 3 4
1 2 3 4
19 28 14 13 14
33 19 14 13 14 14
19 30 14 13 14 14
29 19 14 13 14 14 14 14 14 14 14 14 14 14 14 14 14 14 14 14 14 14 14 14 14 14 14 14 14 14 14 14 14 14 14 14 14 14 14
19 28 14 13 14
30 19 14 13 14 14
1 2 3 4
15 8 10 11 9 12 13 10 11 16 12
1 2 3 4
29 19 14 13 14 14 14 14 14 14 14 14 14 14 14 14 14 14 14 14 14 14 14 14 14 14 14 14 14 14 14 14 14 14 14 14 14 14 14
34 19 14 13 14 14 14 14 14 14 14 14 14 14 14 14 14 14 14 14 14 14 14 14 14 14 14 14 14 14 14 14 14 14 14 14 14 14 14 14 14 14 14 14 14 14 14 14 14 14 14 14 14 14 14 14 14
19 31 14 13 14 14 14 14 14 14 14
19 31 14 13 14 14 14 14 14 14
1 2 3 4
1 2 3 4
15 8 10 11 9 12 13 10 11 16 12
19 34 14 13 14 14 14 14 14 14 14 14 14 14 14 14 14 14 14 14 14 14 14 14 14 14 14 14 14 14 14 14 14 14 14 14 14 14 14 14 14 14 14 14 14 14 14 14 14 14 14 14 14 14 14 14 14 14 14 14 14 14 14 14 14 14 14 14 14 14 14 14 14 14 14 14 14 14 14 14 14 14 14 14 14 14 14 14 14 14 14 14 14 14 14 14 14 14 14 14 14 14 14 14 14 14 14 14 14 14 14 14 14 14 14 14 14 14 14 14 14 14 14 14 14 14 14 14 14 14 14 14 14 14 14 14 14 14 14 14 14 14 14 14 14 14 14 14 14 14 14 14 14 14 14 14 14 14 14 14 14 14 14 14 14 14 14 14 14 14 14 14 14 14 14 14 14 14 14 14 14 14 14 14 14 14 14 14 14 14 14 14 14 14 14 14 14 14 14 14 14 14 14 14 14 14
30 19 14 13 14 14
15 8 10 11 9 12 13 10 11 16 12
15 8 10 11 9 12 13 10 11 16 12
19 37 14 13 14 14 14 14 14 38 38
1 2 3 4
19 29 14 13 14 14 14 14 14 14 14 14 14 14 14 14 14 14 14 14 14 14 14 14 14 14 14 14 14 14 14 14 14 14 14 14 14 14 14
1 2 3 4
1 2 3 4
19 29 14 13 14 14 14 14 14 14 14 14 14 14 14 14 14 14 14 14 14 14 14 14 14 14 14 14 14 14 14 14 14 14 14 14 14 14 14
19 37 14 13 14 14 14 14 14 38 38
1 2 3 4
1 2 3 4
15 8 10 11 9 12 13 10 11 16 12
29 19 14 13 14 14 14 14 14 14 14 14 14 14 14 14 14 14 14 14 14 14 14 14 14 14 14 14 14 14 14 14 14 14 14 14 14 14 14
15 8 10 11 9 12 13 10 11 16 12
19 28 14 13 14
1 2 3 4
30 19 14 13 14 14
1 2 3 4
29 19 14 13 14 14 14 14 14 14 14 14 14 14 14 14 14 14 14 14 14 14 14 14 14 14 14 14 14 14 14 14 14 14 14 14 14 14 14
1 2 3 4
30 19 14 13 14 14
1 2 3 4
40 19 14 13 14 14 14
29 19 14 13 14 14 14 14 14 14 14 14 14 14 14 14 14 14 14 14 14 14 14 14 14 14 14 14 14 14 14 14 14 14 14 14 14 14 14
1 2 3 4
15 8 10 11 9 12 13 10 11 16 12
28 19 14 13 14
15 8 10 11 9 12 13 10 11 16 12
29 19 14 13 14 14 14 14 14 14 14 14 14 14 14 14 14 14 14 14 14 14 14 14 14 14 14 14 14 14 14 14 14 14 14 14 14 14 14
19 33 14 13 14 14
19 31 14 13 14 14 14 14 14 14
1 2 3 4
28 19 14 13 14
15 8 10 11 9 12 13 10 16 11 12
1 2 3 4
1 2 3 4
36 19 14 13 14 14 14 14 14 14
15 10 11 8 9 12 13 10 11 16 12
19 30 14 13 14 14
1 2 3 4
19 29 14 13 14 14 14 14 14 14 14 14 14 14 14 14 14 14 14 14 14 14 14 14 14 14 14 14 14 14 14 14 14 14 14 14 14 14 14
29 19 14 13 14 14 14 14 14 14 14 14 14 14 14 14 14 14 14 14 14 14 14 14 14 14 14 14 14 14 14 14 14 14 14 14 14 14 14
1 2 3 4
15 8 10 11 9 12 13 10 11 16 12
15 8 9 10 11 12 13 10 11 16 12
29 19 14 13 14 14 14 14 14 14 14 14 14 14 14 14 14 14 14 14 14 14 14 14 14 14 14 14 14 14 14 14 14 14 14 14 14 14 14
28 19 14 13
19 31 14 13 14 14 14 14 14 14 14
19 31 14 13 14 14 14 14 14 14
28 19 14 13
19 37 14 13 14 14 14 14 14 38 38
31 19 14 13 14 14 14 14 14 14
19 29 14 13 14 14 14 14 14 14 14 14 14 14 14 14 14 14 14 14 14 14 14 14 14 14 14 14 14 14 14 14 14 14 14 14 14 14 14
30 19 14 13 14 14
29 19 14 13 14 14 14 14 14 14 14 14 14 14 14 14 14 14 14 14 14 14 14 14 14 14 14 14 14 14 14 14 14 14 14 14 14 14 14
19 29 14 13 14 14 14 14 14 14 14 14 14 14 14 14 14 14 14 14 14 14 14 14 14 14 14 14 14 14 14 14 14 14 14 14 14 14 14
19 29 14 13 14 14 14 14 14 14 14 14 14 14 14 14 14 14 14 14 14 14 14 14 14 14 14 14 14 14 14 14 14 14 14 14 14 14 14
29 19 14 13 14 14 14 14 14 14 14 14 14 14 14 14 14 14 14 14 14 14 14 14 14 14 14 14 14 14 14 14 14 14 14 14 14 14 14
19 30 14 13 14 14
19 30 14 13 14 14
1 2 3 4
37 19 14 13 14 14 14 14 14 38 38
19 39 14 13 14 14
1 2 3 4
1 2 3 4
1 2 3 4
34 19 14 13 14 14 14 14 14 14 14 14 14 14 14 14 14 14 14 14 14 14 14 14 14 14 14 14 14 14 14 14 14 14 14 14 14 14 14 14 14 14 14 14 14 14 14 14 14 14 14 14 14 14 14 14 14 14 14 14 14 14 14 14 14 14 14 14 14 14 14 14 14 14 14 14 14 14 14 14 14 14 14 14 14 14 14 14 14 14 14 14 14 14 14 14 14 14 14 14 14 14 14 14 14 14 14 14 14 14 14 14 14 14 14 14 14 14 14 14 14 14 14 14 14 14 14 14 14 14 14 14 14 14 14 14 14 14 14 14 14 14 14 14 14 14 14 14 14 14 14 14 14 14 14 14 14 14 14 14 14 14 14 14 14 14 14 14 14 14 14 14 14 14 14 14 14 14 14 14 14 14 14 14 14 14 14 14 14 14 14 14 14 14 14 14 14 14 14 14
1 2 3 4
19 33 14 13 14 14
19 28 14 13
1 2 3 4
29 19 14 13 14 14 14 14 14 14 14 14 14 14 14 14 14 14 14 14 14 14 14 14 14 14 14 14 14 14 14 14 14 14 14 14 14 14 14
1 2 3 4
1 2 3 4
1 2 3 4
15 8 10 11 9 12 13 10 11 16 12
30 19 14 13 14 14
19 33 14 13 14 14
1 2 3 4
28 19 14 13 14
37 19 14 13 14 14 14 14 14 38 38 14 14 38 38
30 19 14 13 14 14
19 36 14 13 14 14 14 14 14 14 14 14 14 14 14 14
19 30 14 13 14 14
29 19 14 13 14 14 14 14 14 14 14 14 14 14 14 14 14 14 14 14 14 14 14 14 14 14 14 14 14 14 14 14 14 14 14 14 14 14 14
31 19 14 13 14 14 14 14 14 14
31 19 14 13 14 14 14 14 14 14 14 14 14 14 14 14 14 14 14 14 14 14 14 14 14 14 14 14 14 14 14 14 14 14 14 14 14 14 14 14 14 14 14 14 14 14 14 14 14 14 14 14
19 29 14 13 14 14 14 14 14 14 14 14 14 14 14 14 14 14 14 14 14 14 14 14 14 14 14 14 14 14 14 14 14 14 14 14 14 14 14
19 33 14 13 14 14
1 2 3 4
19 37 14 13 14 14 14 14 14 38 38
1 2 3 4
19 33 14 13 14 14
19 31 14 13 14 14 14 14 14 14 14 14 14 14 14 14 14 14 14 14 14 14 14 14 14 14 14 14 14 14 14 14 14 14 14 14 14 14 14 14 14 14 14 14 14 14 14 14 14 14 14 14 14 14 14
30 19 14 13 14 14
33 19 14 13 14 14
29 19 14 13 14 14 14 14 14 14 14 14 14 14 14 14 14 14 14 14 14 14 14 14 14 14 14 14 14 14 14 14 14 14 14 14 14 14 14
1 2 3 4
43 19 14 13 14 14
37 19 14 13 14 14 14 14 14 38 38
15 8 10 11 9 12 13 10 11 16 12
1 2 3 4
19 31 14 13 14 14 14 14 14 14
1 2 3 4
19 29 14 13 14 14 14 14 14 14 14 14 14 14 14 14 14 14 14 14 14 14 14 14 14 14 14 14 14 14 14 14 14 14 14 14 14 14 14
39 19 14 13 14 14
1 2 3 4
1 2 3 4
28 19 14 13 14
37 19 14 13 14 14 14 14 14 38 38
19 30 14 13 14 14
1 2 3 4
19 29 14 13 14 14 14 14 14 14 14 14 14 14 14 14 14 14 14 14 14 14 14 14 14 14 14 14 14 14 14 14 14 14 14 14 14 14 14
1 2 3 4
19 37 14 13 14 14 14 14 14 38 38
1 2 3 4
1 2 3 4
1 2 3 4
19 40 14 13 14 14 14
1 2 3 4
19 30 14 13 14 14
1 2 3 4
29 19 14 13 14 14 14 14 14 14 14 14 14 14 14 14 14 14 14 14 14 14 14 14 14 14 14 14 14 14 14 14 14 14 14 14 14 14 14
19 29 14 13 14 14 14 14 14 14 14 14 14 14 14 14 14 14 14 14 14 14 14 14 14 14 14 14 14 14 14 14 14 14 14 14 14 14 14
19 29 14 13 14 14 14 14 14 14 14 14 14 14 14 14 14 14 14 14 14 14 14 14 14 14 14 14 14 14 14 14 14 14 14 14 14 14 14
15 8 10 11 9 12 13 10 11 16 12
1 2 3 4
19 33 14 13 14 14
1 2 3 4
19 31 14 13 14 14 14 14 14 14
29 19 14 13 14 14 14 14 14 14 14 14 14 14 14 14 14 14 14 14 14 14 14 14 14 14 14 14 14 14 14 14 14 14 14 14 14 14 14
1 2 3 4
15 8 10 11 9 12 13 10 16 11 12
15 8 10 11 9 12 13 10 11 16 12
19 29 14 13 14 14 14 14 14 14 14 14 14 14 14 14 14 14 14 14 14 14 14 14 14 14 14 14 14 14 14 14 14 14 14 14 14 14 14
31 19 14 13 14 14 14 14 14 14
1 2 3 4
1 2 3 4
28 19 14 13 14
1 2 3 4
1 2 3 4
19 29 14 13 14 14 14 14 14 14 14 14 14 14 14 14 14 14 14 14 14 14 14 14 14 14 14 14 14 14 14 14 14 14 14 14 14 14 14
19 14 30 13 14 14
1 2 3 4
1 2 3 4
1 2 3 4
19 29 14 13 14 14 14 14 14 14 14 14 14 14 14 14 14 14 14 14 14 14 14 14 14 14 14 14 14 14 14 14 14 14 14 14 14 14 14
33 19 14 13 14 14
37 19 14 13 14 14 14 14 14 38 38
1 2 3 4
19 39 14 13 14 14
29 19 14 13 14 14 14 14 14 14 14 14 14 14 14 14 14 14 14 14 14 14 14 14 14 14 14 14 14 14 14 14 14 14 14 14 14 14 14
1 2 3 4
19 31 14 13 14 14 14 14 14 14
1 2 3 4
28 19 14 13 14
1 2 3 4
1 2 3 4
1 2 3 4
1 2 3 4
1 2 3 4
1 2 3 4
19 30 14 13 14 14
19 28 14 13 14
19 28 14 13 14
1 2 3 4
1 2 3 4
15 8 10 11 9 12 13 10 11 16 12
15 8 10 11 9 12 13 10 11 16 12
1 2 3 4
19 14 29 13 14 14 14 14 14 14 14 14 14 14 14 14 14 14 14 14 14 14 14 14 14 14 14 14 14 14 14 14 14 14 14 14 14 14 14
19 29 14 13 14 14 14 14 14 14 14 14 14 14 14 14 14 14 14 14 14 14 14 14 14 14 14 14 14 14 14 14 14 14 14 14 14 14 14
19 30 14 13 14 14
1 2 3 4
15 8 9 10 11 12 13 16 10 11 12
1 2 3 4
19 33 14 13 14 14
28 19 14 13 14
1 2 3 4
19 37 14 13 14 14
19 29 14 13 14 14 14 14 14 14 14 14 14 14 14 14 14 14 14 14 14 14 14 14 14 14 14 14 14 14 14 14 14 14 14 14 14 14 14
30 19 14 13 14 14
19 29 14 13 14 14 14 14 14 14 14 14 14 14 14 14 14 14 14 14 14 14 14 14 14 14 14 14 14 14 14 14 14 14 14 14 14 14 14
19 28 14 13 14
36 19 14 13 14 14 14 14 14 14 14 14 14 14 14 14 14 14 14
1 2 3 4
28 19 14 13 14
1 2 3 4
19 42 14 13
29 19 14 13 14 14 14 14 14 14 14 14 14 14 14 14 14 14 14 14 14 14 14 14 14 14 14 14 14 14 14 14 14 14 14 14 14 14 14
15 8 10 11 9 12 13 10 11 16 12
1 2 3 4
5
15 8 10 11 9 12 13 10 11 16 12
1 2 3 4
1 2 3 4
19 29 14 13 14 14 14 14 14 14 14 14 14 14 14 14 14 14 14 14 14 14 14 14 14 14 14 14 14 14 14 14 14 14 14 14 14 14 14
19 30 14 13 14 14
19 31 14 13
31 19 14 13 14 14 14 14 14 14
1 2 3 4
1 2 3 4
28 19 14 13 14
15 8 10 11 9 12 13 10 11 16 12
15 8 10 11 9 12 13 10 11 16 12
1 2 3 4
1 2 3 4
1 2 3 4
1 2 3 4
15 8 10 11 9 12 13 10 11 16 12
34 19 14 13 14 14 14 14 14 14 14 14 14 14 14 14 14 14 14 14 14 14 14 14 14 14 14 14 14 14 14 14 14 14 14 14 14 14 14 14 14 14 14 14 14 14 14 14 14 14 14 14 14 14 14 14
19 29 14 13 14 14 14 14 14 14 14 14 14 14 14 14 14 14 14 14 14 14 14 14 14 14 14 14 14 14 14 14 14 14 14 14 14 14 14
29 19 14 13 14 14 14 14 14 14 14 14 14 14 14 14 14 14 14 14 14 14 14 14 14 14 14 14 14 14 14 14 14 14 14 14 14 14 14
1 2 3 4
28 19 14 13 14
40 19 14 13 14 14 14
30 19 14 13 14 14
1 2 3 4
19 37 14 13 14 14 14 14 14 38 38
1 2 3 4
1 2 3 4
19 29 14 13 14 14 14 14 14 14 14 14 14 14 14 14 14 14 14 14 14 14 14 14 14 14 14 14 14 14 14 14 14 14 14 14 14 14 14
1 2 3 4
19 31 14 13 14 14 14 14 14 14
1 2 3 4
1 2 3 4
1 2 3 4
28 19 14 13
19 29 14 13 14 14 14 14 14 14 14 14 14 14 14 14 14 14 14 14 14 14 14 14 14 14 14 14 14 14 14 14 14 14 14 14 14 14 14
31 19 14 13 14 14 14 14 14 14 14
1 2 3 4
1 2 3 4
15 10 11 8 9 12 13 10 11 16 12
1 2 3 4
19 29 14 13 14 14 14 14 14 14 14 14 14 14 14 14 14 14 14 14 14 14 14 14 14 14 14 14 14 14 14 14 14 14 14 14 14 14 14
19 29 14 13 14 14 14 14 14 14 14 14 14 14 14 14 14 14 14 14 14 14 14 14 14 14 14 14 14 14 14 14 14 14 14 14 14 14 14
19 33 14 13 14 14
19 28 14 13
1 2 3 4
30 19 14 13 14 14
15 8 10 11 9 12 13 10 11 16 12
19 29 14 13 14 14 14 14 14 14 14 14 14 14 14 14 14 14 14 14 14 14 14 14 14 14 14 14 14 14 14 14 14 14 14 14 14 14 14
1 2 3 4
29 19 14 13
15 8 10 11 9 12 13 10 11 16 12
30 19 14 13 14 14
1 2 3 4
1 2 3 4
19 28 14 13 14
1 2 3 4
19 30 14 13 14 14
15 8 10 11 9 12 13 10 11 16 12
5
1 2 3 4
19 28 14 13 14
28 19 14 13 14
33 19 14 13 14 14
19 37 14 13 14 14 14 14 14 38 38
29 19 14 13 14 14 14 14 14 14 14 14 14 14 14 14 14 14 14 14 14 14 14 14 14 14 14 14 14 14 14 14 14 14 14 14 14 14 14
15 8 10 11 9 12 13 10 11 16 12
19 31 14 13 14 14 14 14 14 14 14
1 2 3 4
29 19 14 13 14 14 14 14 14 14 14 14 14 14 14 14 14 14 14 14 14 14 14 14 14 14 14 14 14 14 14 14 14 14 14 14 14 14 14
1 2 3 4
37 19 14 13 14 14 14 14 14 38 38
1 2 3 4
19 33 14 13 14 14
1 2 3 4
1 2 3 4
19 30 14 13 14 14
1 2 3 4
19 39 14 13 14 14
29 19 14 13 14 14 14 14 14 14 14 14 14 14 14 14 14 14 14 14 14 14 14 14 14 14 14 14 14 14 14 14 14 14 14 14 14 14 14
19 28 14 13 14
19 31 14 13 14 14 14 14 14 14 14
15 10 11 8 9 12 13 10 11 16 12
1 2 3 4
19 29 14 13 14 14 14 14 14 14 14 14 14 14 14 14 14 14 14 14 14 14 14 14 14 14 14 14 14 14 14 14 14 14 14 14 14 14 14
1 2 3 4
33 19 14 13 14 14
19 31 14 13 14 14 14 14 14 14 14
1 2 3 4
19 28 14 13 14
28 19 14 13 14
19 33 14 13 14 14
19 28 14 13 14
30 19 14 13 14 14
1 2 3 4
1 2 3 4
19 30 14 13 14 14
19 30 14 13 14 14
19 37 14 13 14 14 14 14 14 38 38 14 14 38 38
19 33 14 13 14 14
15 8 10 11 9 12 13 10 11 16 12
19 29 14 13 14 14 14 14 14 14 14 14 14 14 14 14 14 14 14 14 14 14 14 14 14 14 14 14 14 14 14 14 14 14 14 14 14 14 14
19 31 14 13 14 14 14 14 14 14 14 14 14 14 14 14 14 14 14 14 14 14 14 14 14 14 14 14 14 14 14 14 14 14 14 14 14 14 14 14 14 14 14 14 14 14 14 14 14 14 14 14 14 14 14 14 14 14 14 14 14 14 14 14 14 14 14 14 14 14 14 14 14 14 14 14 14 14 14 14 14 14 14 14 14 14 14 14 14 14 14 14 14 14 14 14 14 14 14 14 14 14 14 14 14 14 14 14 14 14 14 14 14 14 14 14 14 14 14 14 14 14 14 14 14 14 14 14 14 14 14 14 14 14 14 14 14 14 14 14 14 14 14 14 14 14 14 14 14 14 14 14 14 14 14 14 14 14 14 14 14 14 14 14 14 14 14 14 14 14 14 14 14 14 14 14 14 14 14 14 14 14 14 14 14 14 14 14 14 14 14 14 14 14 14 14 14 14 14 14 14 14 14 14 14 14 14 14 14 14 14 14 14 14 14 14 14 14 14 14 14 14 14 14 14 14 14 14 14 14 14 14 14 14 14 14 14 14 14 14 14 14 14 14 14 14 14 14 14 14 14 14 14 14 14 14 14 14 14 14 14 14 14 14 14 14 14 14 14 14 14 14 14 14 14 14 14 14 14 14 14 14 14 14 14 14 14 14 14 14 14 14 14 14 14 14 14
1 2 3 4
15 8 10 11 9 12 13 10 11 16 12
29 19 14 13 14 14 14 14 14 14 14 14 14 14 14 14 14 14 14 14 14 14 14 14 14 14 14 14 14 14 14 14 14 14 14 14 14 14 14
19 29 14 13 14 14 14 14 14 14 14 14 14 14 14 14 14 14 14 14 14 14 14 14 14 14 14 14 14 14 14 14 14 14 14 14 14 14 14
1 2 3 4
19 43 14 13 14 14
40 19 14 13 14 14 14
15 8 10 11 9 12 13 10 11 16 12
31 19 14 13 14 14 14 14 14 14
29 19 14 13 14 14 14 14 14 14 14 14 14 14 14 14 14 14 14 14 14 14 14 14 14 14 14 14 14 14 14 14 14 14 14 14 14 14 14
29 19 14 13 14 14 14 14 14 14 14 14 14 14 14 14 14 14 14 14 14 14 14 14 14 14 14 14 14 14 14 14 14 14 14 14 14 14 14
1 2 3 4
1 2 3 4
1 2 3 4
29 19 14 13 14 14 14 14 14 14 14 14 14 14 14 14 14 14 14 14 14 14 14 14 14 14 14 14 14 14 14 14 14 14 14 14 14 14 14
1 2 3 4
37 19 14 13 14 14 14 14 14 38 38
15 8 10 11 9 12 13 10 11 16 12
19 30 14 13 14 14
1 2 3 4
1 2 3 4
1 2 3 4
19 29 14 13 14 14 14 14 14 14 14 14 14 14 14 14 14 14 14 14 14 14 14 14 14 14 14 14 14 14 14 14 14 14 14 14 14 14 14
1 2 3 4
29 19 14 13 14 14 14 14 14 14 14 14 14 14 14 14 14 14 14 14 14 14 14 14 14 14 14 14 14 14 14 14 14 14 14 14 14 14 14
19 33 14 13 14 14
1 2 3 4
19 29 14 13 14 14 14 14 14 14 14 14 14 14 14 14 14 14 14 14 14 14 14 14 14 14 14 14 14 14 14 14 14 14 14 14 14 14 14
19 33 14 13 14 14
29 19 14 13 14 14 14 14 14 14 14 14 14 14 14 14 14 14 14 14 14 14 14 14 14 14 14 14 14 14 14 14 14 14 14 14 14 14 14
30 19 14 13 14 14
1 2 3 4
19 28 14 13 14
1 2 3 4
30 19 14 13 14 14
1 2 3 4
19 34 14 13 14 14 14 14 14 14 14 14 14 14 14 14 14 14 14 14 14 14 14 14 14 14 14 14 14 14 14 14 14 14 14 14 14 14 14 14 14 14 14 14 14 14 14 14 14 14 14 14 14 14 14 14 14 14 14 14 14 14 14 14 14 14 14 14 14 14 14 14 14 14 14 14 14 14 14 14 14 14 14 14 14 14 14 14 14 14 14 14 14 14 14 14 14 14 14 14 14 14 14 14 14 14 14 14 14 14 14 14 14 14 14 14 14 14 14 14 14 14 14 14 14 14 14 14 14 14 14 14 14 14 14 14 14 14 14 14 14 14 14 14 14 14 14 14 14 14 14 14 14 14 14 14 14 14 14 14 14 14 14 14 14 14 14 14 14 14 14 14 14 14 14 14 14 14 14 14 14 14 14 14 14 14 14 14 14 14 14 14 14 14 14 14 14 14 14 14 14 14 14 14 14 14 14 14 14 14 14 14 14 14 14 14 14 14 14 14 14 14 14 14 14 14 14 14 14 14 14 14 14 14 14 14 14 14 14 14 14 14 14 14 14 14 14 14 14 14 14 14 14 14 14 14 14 14 14 14 14 14 14 14 14 14 14 14 14 14 14 14 14 14 14 14 14 14 14 14 14 14 14 14 14 14 14 14 14 14 14 14 14 14 14 14 14 14 14 14 14 14 14 14 14 14 14
19 29 14 13 14 14 14 14 14 14 14 14 14 14 14 14 14 14 14 14 14 14 14 14 14 14 14 14 14 14 14 14 14 14 14 14 14 14 14
1 2 3 4
1 2 3 4
19 30 14 13 14 14
28 18 19 14 13 14
15 10 11 8 9 12 13 10 11 16 12
6
36 19 14 13 14 14 14 14 14 14 14 14 14 14 14 14 14 14 14 14 14 14
19 29 14 13 14 14 14 14 14 14 14 14 14 14 14 14 14 14 14 14 14 14 14 14 14 14 14 14 14 14 14 14 14 14 14 14 14 14 14
19 34 14 13 14 14 14 14 14 14 14 14 14 14 14 14 14 14 14 14 14 14 14 14 14 14 14 14 14 14 14 14 14 14 14 14 14 14 14 14 14 14 14 14 14 14 14 14 14 14 14 14 14 14 14 14
19 28 14 13 14
19 28 14 13 14
1 2 3 4
1 2 3 4
15 8 10 11 9 12 13 10 11 16 12
19 29 14 13 14 14 14 14 14 14 14 14 14 14 14 14 14 14 14 14 14 14 14 14 14 14 14 14 14 14 14 14 14 14 14 14 14 14 14
19 37 14 13 14 14 14 14 14 38 38
30 19 14 13 14 14
19 31 14 13 14 14 14 14 14 14
19 29 14 13 14 14 14 14 14 14 14 14 14 14 14 14 14 14 14 14 14 14 14 14 14 14 14 14 14 14 14 14 14 14 14 14 14 14 14
19 30 14 13 14 14
19 29 14 13 14 14 14 14 14 14 14 14 14 14 14 14 14 14 14 14 14 14 14 14 14 14 14 14 14 14 14 14 14 14 14 14 14 14 14
7 8 9 10 11 12 13 14
28 19 14 13 14
19 39 14 13 14 14
19 33 14 13 14 14
30 19 14 13 14 14
19 30 14 13 14 14
1 2 3 4
19 29 14 13 14 14 14 14 14 14 14 14 14 14 14 14 14 14 14 14 14 14 14 14 14 14 14 14 14 14 14 14 14 14 14 14 14 14 14
1 2 3 4
29 19 14 13 14 14 14 14 14 14 14 14 14 14 14 14 14 14 14 14 14 14 14 14 14 14 14 14 14 14 14 14 14 14 14 14 14 14 14
19 28 14 13 14
1 2 3 4
15 8 10 11 9 12 13 10 11 16 12
19 29 14 13 14 14 14 14 14 14 14 14 14 14 14 14 14 14 14 14 14 14 14 14 14 14 14 14 14 14 14 14 14 14 14 14 14 14 14
19 29 14 13 14 14 14 14 14 14 14 14 14 14 14 14 14 14 14 14 14 14 14 14 14 14 14 14 14 14 14 14 14 14 14 14 14 14 14
29 19 14 13 14 14 14 14 14 14 14 14 14 14 14 14 14 14 14 14 14 14 14 14 14 14 14 14 14 14 14 14 14 14 14 14 14 14 14
29 19 14 13 14 14 14 14 14 14 14 14 14 14 14 14 14 14 14 14 14 14 14 14 14 14 14 14 14 14 14 14 14 14 14 14 14 14 14
1 2 3 4
1 2 3 4
28 19 14 13 14
29 19 14 13 14 14 14 14 14 14 14 14 14 14 14 14 14 14 14 14 14 14 14 14 14 14 14 14 14 14 14 14 14 14 14 14 14 14 14
29 19 14 13 14 14 14 14 14 14 14 14 14 14 14 14 14 14 14 14 14 14 14 14 14 14 14 14 14 14 14 14 14 14 14 14 14 14 14
1 2 3 4
15 8 10 11 9 12 13 10 11 16 12
1 2 3 4
15 8 10 11 9 12 13 10 11 16 12
1 2 3 4
5
15 8 10 11 9 12 13 10 11 16 12
1 2 3 4
19 29 14 13 14 14 14 14 14 14 14 14 14 14 14 14 14 14 14 14 14 14 14 14 14 14 14 14 14 14 14 14 14 14 14 14 14 14 14
1 2 3 4
1 2 3 4
28 19 14 13
19 29 14 13 14 14 14 14 14 14 14 14 14 14 14 14 14 14 14 14 14 14 14 14 14 14 14 14 14 14 14 14 14 14 14 14 14 14 14
15 10 11 8 9 12 13 10 11 16 12
19 29 14 13 14 14 14 14 14 14 14 14 14 14 14 14 14 14 14 14 14 14 14 14 14 14 14 14 14 14 14 14 14 14 14 14 14 14 14
30 19 14 13 14 14
29 19 14 13 14 14 14 14 14 14 14 14 14 14 14 14 14 14 14 14 14 14 14 14 14 14 14 14 14 14 14 14 14 14 14 14 14 14 14
15 8 10 11 9 12 13 10 11 16 12
19 31 14 13 14 14 14 14 14 14
1 2 3 4
37 19 14 13 14 14 14 14 14 38 38
29 19 14 13 14 14 14 14 14 14 14 14 14 14 14 14 14 14 14 14 14 14 14 14 14 14 14 14 14 14 14 14 14 14 14 14 14 14 14
31 19 14 13 14 14 14 14 14 14
29 19 14 13 14 14 14 14 14 14 14 14 14 14 14 14 14 14 14 14 14 14 14 14 14 14 14 14 14 14 14 14 14 14 14 14 14 14 14
31 19 14 13 14 14 14 14 14 14
30 19 14 13 14 14
15 8 9 10 11 12 13 10 11 16 12
19 29 14 13 14 14 14 14 14 14 14 14 14 14 14 14 14 14 14 14 14 14 14 14 14 14 14 14 14 14 14 14 14 14 14 14 14 14 14
5
1 2 3 4
15 8 10 11 9 12 13 10 16 11 12
1 2 3 4
29 19 14 13 14 14 14 14 14 14 14 14 14 14 14 14 14 14 14 14 14 14 14 14 14 14 14 14 14 14 14 14 14 14 14 14 14 14 14
31 19 14 13 14 14 14 14 14 14
19 30 14 13 14 14
30 19 14 13 14 14
28 19 14 13 14
19 29 14 13 14 14 14 14 14 14 14 14 14 14 14 14 14 14 14 14 14 14 14 14 14 14 14 14 14 14 14 14 14 14 14 14 14 14 14
15 8 10 11 9 12 13 10 11 16 12
1 2 3 4
36 19 14 13 14 14 14 14 14 14 14 14 14
19 30 14 13 14 14
1 2 3 4
28 19 14 13
19 28 14 13 14
1 2 3 4
19 28 14 13 14
19 29 14 13 14 14 14 14 14 14 14 14 14 14 14 14 14 14 14 14 14 14 14 14 14 14 14 14 14 14 14 14 14 14 14 14 14 14 14
31 19 14 13 14 14 14 14 14 14
19 37 14 13 14 14 14 14 14 38 38
19 30 14 13 14 14
1 2 3 4
29 19 14 13 14 14 14 14 14 14 14 14 14 14 14 14 14 14 14 14 14 14 14 14 14 14 14 14 14 14 14 14 14 14 14 14 14 14 14
1 2 3 4
1 2 3 4
1 2 3 4
31 19 14 13 14 14 14 14 14 14 14
1 2 3 4
1 2 3 4
19 34 14 13 14 14 14 14 14 14 14 14 14 14 14 14 14 14 14 14 14 14 14 14 14 14 14 14 14 14 14 14 14 14 14 14 14 14 14 14 14 14 14 14 14 14 14 14 14 14 14 14 14 14 14 14
29 19 14 13 14 14 14 14 14 14 14 14 14 14 14 14 14 14 14 14 14 14 14 14 14 14 14 14 14 14 14 14 14 14 14 14 14 14 14
1 2 3 4
19 30 14 13 14 14
1 2 3 4
29 19 14 13 14 14 14 14 14 14 14 14 14 14 14 14 14 14 14 14 14 14 14 14 14 14 14 14 14 14 14 14 14 14 14 14 14 14 14
1 2 3 4
15 8 10 11 9 12 13 10 11 16 12
30 19 14 13 14 14
29 19 14 13 14 14 14 14 14 14 14 14 14 14 14 14 14 14 14 14 14 14 14 14 14 14 14 14 14 14 14 14 14 14 14 14 14 14 14
1 2 3 4
1 2 3 4
19 28 14 13 14
15 8 10 11 9 12 13 10 11 16 12
1 2 3 4
15 8 10 11 9 12 13 10 11 16 12
1 2 3 4
1 2 3 4
1 2 3 4
1 2 3 4
15 8 10 11 9 12 13 10 11 16 12
19 33 14 13 14 14
1 2 3 4
15 8 10 11 9 12 13 10 11 16 12
29 19 14 13 14 14 14 14 14 14 14 14 14 14 14 14 14 14 14 14 14 14 14 14 14 14 14 14 14 14 14 14 14 14 14 14 14 14 14
33 19 14 13 14 14
19 28 14 13 14
15 8 10 11 9 12 13 10 11 16 12
30 19 14 13 14 14
1 2 3 4
30 19 14 13 14 14
19 31 14 13 14 14 14 14 14 14 14
19 28 14 13 14
19 30 14 13 14 14
19 28 14 13 14
1 2 3 4
30 19 14 13 14 14
19 29 14 13 14 14 14 14 14 14 14 14 14 14 14 14 14 14 14 14 14 14 14 14 14 14 14 14 14 14 14 14 14 14 14 14 14 14 14
29 19 14 13 14 14 14 14 14 14 14 14 14 14 14 14 14 14 14 14 14 14 14 14 14 14 14 14 14 14 14 14 14 14 14 14 14 14 14
29 19 14 13 14 14 14 14 14 14 14 14 14 14 14 14 14 14 14 14 14 14 14 14 14 14 14 14 14 14 14 14 14 14 14 14 14 14 14
31 19 14 13 14 14 14 14 14 14
28 19 14 13 14
19 29 14 13 14 14 14 14 14 14 14 14 14 14 14 14 14 14 14 14 14 14 14 14 14 14 14 14 14 14 14 14 14 14 14 14 14 14 14
1 2 3 4
15 8 10 11 9 12 13 10 11 16 12
19 31 14 13 14 14 14 14 14 14
1 2 3 4
37 19 14 13 14 14 14 14 14 38 38
19 29 14 13 14 14 14 14 14 14 14 14 14 14 14 14 14 14 14 14 14 14 14 14 14 14 14 14 14 14 14 14 14 14 14 14 14 14 14
19 37 14 13 14 14 14 14 14 38 38
19 29 14 13 14 14 14 14 14 14 14 14 14 14 14 14 14 14 14 14 14 14 14 14 14 14 14 14 14 14 14 14 14 14 14 14 14 14 14
1 2 3 4
19 30 14 13 14 14
19 28 14 13
1 2 3 4
19 30 14 13 14 14
1 2 3 4
1 2 3 4
1 2 3 4
29 19 14 13 14 14 14 14 14 14 14 14 14 14 14 14 14 14 14 14 14 14 14 14 14 14 14 14 14 14 14 14 14 14 14 14 14 14 14
37 19 14 13 14 14 14 14 14 38 38
6
1 2 3 4
30 19 14 13 14 14
1 2 3 4
28 19 14 13 14
1 2 3 4
1 2 3 4
1 2 3 4
1 2 3 4
19 29 14 13 14 14 14 14 14 14 14 14 14 14 14 14 14 14 14 14 14 14 14 14 14 14 14 14 14 14 14 14 14 14 14 14 14 14 14
19 14 28 13 14
29 19 14 13 14 14 14 14 14 14 14 14 14 14 14 14 14 14 14 14 14 14 14 14 14 14 14 14 14 14 14 14 14 14 14 14 14 14 14
15 8 10 11 9 12 13 10 11 16 12
1 2 3 4
29 19 14 13 14 14 14 14 14 14 14 14 14 14 14 14 14 14 14 14 14 14 14 14 14 14 14 14 14 14 14 14 14 14 14 14 14 14 14
1 2 3 4
19 37 14 13 14 14 14 14 14 38 38 14 14 38 38
1 2 3 4
19 29 14 13 14 14 14 14 14 14 14 14 14 14 14 14 14 14 14 14 14 14 14 14 14 14 14 14 14 14 14 14 14 14 14 14 14 14 14
28 19 14 13 14
1 2 3 4
31 19 14 13 14 14 14 14 14 14
31 19 14 13 14 14 14 14 14 14
1 2 3 4
1 2 3 4
29 19 14 13 14 14 14 14 14 14 14 14 14 14 14 14 14 14 14 14 14 14 14 14 14 14 14 14 14 14 14 14 14 14 14 14 14 14 14
1 2 3 4
15 8 9 10 11 12 13 10 11 16 12
1 2 3 4
19 30 14 13 14 14
37 19 14 13 14 14 14 14 14 38 38
28 19 14 13 14
19 28 14 13 14
1 2 3 4
15 8 10 11 9 12 13 10 11 16 12
19 29 14 13 14 14 14 14 14 14 14 14 14 14 14 14 14 14 14 14 14 14 14 14 14 14 14 14 14 14 14 14 14 14 14 14 14 14 14
19 33 14 13 14 14
19 31 14 13 14 14 14 14 14 14
1 2 3 4
19 30 14 13 14 14
39 19 14 13 14 14
29 19 14 13 14 14 14 14 14 14 14 14 14 14 14 14 14 14 14 14 14 14 14 14 14 14 14 14 14 14 14 14 14 14 14 14 14 14 14
1 2 3 4
30 19 14 13 14 14
22
15 8 9 10 11 12 13 16 10 11 12
29 19 14 13 14 14 14 14 14 14 14 14 14 14 14 14 14 14 14 14 14 14 14 14 14 14 14 14 14 14 14 14 14 14 14 14 14 14 14
1 2 3 4
19 30 14 13 14 14
1 2 3 4
19 29 14 13 14 14 14 14 14 14 14 14 14 14 14 14 14 14 14 14 14 14 14 14 14 14 14 14 14 14 14 14 14 14 14 14 14 14 14
1 2 3 4
1 2 3 4
33 19 14 13 14 14
19 29 14 13 14 14 14 14 14 14 14 14 14 14 14 14 14 14 14 14 14 14 14 14 14 14 14 14 14 14 14 14 14 14 14 14 14 14 14
1 2 3 4
19 36 14 13 14 14 14 14 14 14 14
15 8 10 11 9 12 13 10 11 16 12
1 2 3 4
37 19 14 13 14 14 14 14 14 38 38
30 19 14 13 14 14
2 1 3 4
19 28 14 13 14
29 19 14 13 14 14 14 14 14 14 14 14 14 14 14 14 14 14 14 14 14 14 14 14 14 14 14 14 14 14 14 14 14 14 14 14 14 14 14
1 2 3 4
1 2 3 4
1 2 3 4
19 29 14 13 14 14 14 14 14 14 14 14 14 14 14 14 14 14 14 14 14 14 14 14 14 14 14 14 14 14 14 14 14 14 14 14 14 14 14
1 2 3 4
30 19 14 13 14 14
29 19 14 13 14 14 14 14 14 14 14 14 14 14 14 14 14 14 14 14 14 14 14 14 14 14 14 14 14 14 14 14 14 14 14 14 14 14 14
29 19 14 13 14 14 14 14 14 14 14 14 14 14 14 14 14 14 14 14 14 14 14 14 14 14 14 14 14 14 14 14 14 14 14 14 14 14 14
17 18 19 14
28 19 14 13 14
29 19 14 13 14 14 14 14 14 14 14 14 14 14 14 14 14 14 14 14 14 14 14 14 14 14 14 14 14 14 14 14 14 14 14 14 14 14 14
1 2 3 4
19 29 14 13 14 14 14 14 14 14 14 14 14 14 14 14 14 14 14 14 14 14 14 14 14 14 14 14 14 14 14 14 14 14 14 14 14 14 14
1 2 3 4
19 28 14 13 14
30 19 14 13 14 14
19 28 14 13 14
1 2 3 4
1 2 3 4
8 10 11 9 12 10 11 16 12
19 33 14 13 14 14
28 19 14 13 14
19 33 14 13 14 14
31 19 14 13 14 14 14 14 14 14 14
31 19 14 13 14 14 14 14 14 14
19 30 14 13 14 14
28 19 14 13 14
1 2 3 4
1 2 3 4
31 19 14 13 14 14 14 14 14 14
29 19 14 13 14 14 14 14 14 14 14 14 14 14 14 14 14 14 14 14 14 14 14 14 14 14 14 14 14 14 14 14 14 14 14 14 14 14 14
1 2 3 4
19 37 14 13 14 14 14 14 14 38 38
34 19 14 13 14 14 14 14 14 14 14 14 14 14 14 14 14 14 14 14 14 14 14 14 14 14 14 14 14 14 14 14 14 14 14 14 14 14 14 14 14 14 14 14 14 14 14 14 14 14 14 14 14 14 14 14
1 2 3 4
15 8 10 11 9 12 13 10 11 16 12
29 19 14 13 14 14 14 14 14 14 14 14 14 14 14 14 14 14 14 14 14 14 14 14 14 14 14 14 14 14 14 14 14 14 14 14 14 14 14
1 2 3 4
1 2 3 4
6
1 2 3 4
26
19 30 14 13 14 14
1 2 3 4
19 28 14 13 14
28 19 14 13 14
19 30 14 13 14 14
1 2 3 4
19 36 14 13 14 14 14 14 14 14 14 14 14 14 14 14 14 14 14
1 2 3 4
1 2 3 4
15 8 10 11 9 12 13 10 11 16 12
1 2 3 4
1 2 3 4
19 36 14 13 14 14 14 14 14 14 14
1 2 3 4
19 28 14 13 14
19 29 14 13 14 14 14 14 14 14 14 14 14 14 14 14 14 14 14 14 14 14 14 14 14 14 14 14 14 14 14 14 14 14 14 14 14 14 14
34 19 14 13 14 14 14 14 14 14 14 14 14 14 14 14 14 14 14 14 14 14 14 14 14 14 14 14 14 14 14 14 14 14 14 14 14 14 14 14 14 14 14 14 14 14 14 14 14 14 14 14 14 14 14 14 14 14 14 14 14 14 14 14 14 14 14 14 14 14 14 14 14 14 14 14 14 14 14 14 14 14 14 14 14 14 14 14 14 14 14 14 14 14 14 14 14 14 14 14 14 14 14 14 14 14 14 14 14 14 14 14 14 14 14 14 14 14 14 14 14 14 14 14 14 14 14 14 14 14 14 14 14 14 14 14 14 14 14 14 14 14 14 14 14 14
1 2 3 4
19 29 14 13 14 14 14 14 14 14 14 14 14 14 14 14 14 14 14 14 14 14 14 14 14 14 14 14 14 14 14 14 14 14 14 14 14 14 14
28 19 14 13
19 36 14 13 14 14 14 14 14 14
15 8 10 11 9 12 13 10 11 16 12
1 2 3 4
1 2 3 4
30 19 14 13 14 14
19 31 14 13 14 14 14 14 14 14
1 2 3 4
19 30 14 13 14 14
19 28 14 13 14
19 30 14 13 14 14
1 2 3 4
6
19 31 14 13 14 14 14 14 14 14 14
15 8 10 11 9 12 13 10 11 16 12
15 8 10 11 9 12 13 10 11 16 12
19 30 14 13 14 14
1 2 3 4
19 31 14 13 14 14 14 14 14 14
19 30 14 13 14 14
8
1 2 3 4
19 29 14 13 14 14 14 14 14 14 14 14 14 14 14 14 14 14 14 14 14 14 14 14 14 14 14 14 14 14 14 14 14 14 14 14 14 14 14
19 33 14 13 14 14
1 2 3 4
33 19 14 13 14 14
1 2 3 4
1 2 3 4
19 29 14 13 14 14 14 14 14 14 14 14 14 14 14 14 14 14 14 14 14 14 14 14 14 14 14 14 14 14 14 14 14 14 14 14 14 14 14
19 28 14 13 14
19 28 14 13 14
19 31 14 13 14 14 14 14 14 14
1 2 3 4
8
31 19 14 13 14 14 14
19 36 14 13 14 14 14 14 14 14 14 14 14 14 14 14 14 14 14
19 29 14 13 14 14 14 14 14 14 14 14 14 14 14 14 14 14 14 14 14 14 14 14 14 14 14 14 14 14 14 14 14 14 14 14 14 14 14
39 19 14 13 14 14
1 2 3 4
31 19 14 13 14 14 14 14 14 14
31 19 14 13 14 14 14 14 14 14
19 29 14 13 14 14 14 14 14 14 14 14 14 14 14 14 14 14 14 14 14 14 14 14 14 14 14 14 14 14 14 14 14 14 14 14 14 14 14
19 28 14 13 14
1 2 3 4
1 2 3 4
1 2 3 4
15 8 10 11 9 12 13 16 10 11 12
1 2 3 4
34 19 14 13 14 14 14 14 14 14 14 14 14 14 14 14 14 14 14 14 14 14 14 14 14 14 14 14 14 14 14 14 14 14 14 14 14 14 14 14 14 14 14 14 14 14 14 14 14 14 14 14 14 14 14 14
19 36 14 13 14 14 14 14 14 14 14 14 14 14 14 14 14 14 14 14 14 14 14
1 2 3 4
31 19 14 13 14 14 14 14 14 14
19 29 14 13 14 14 14 14 14 14 14 14 14 14 14 14 14 14 14 14 14 14 14 14 14 14 14 14 14 14 14 14 14 14 14 14 14 14 14
15 8 9 10 11 12 13 10 11 16 12
1 2 3 4
19 29 14 13 14 14 14 14 14 14 14 14 14 14 14 14 14 14 14 14 14 14 14 14 14 14 14 14 14 14 14 14 14 14 14 14 14 14 14
28 19 14 13 14
31 19 14 13 14 14 14 14 14 14 14 14 14 14 14 14 14 14
19 29 14 13 14 14 14 14 14 14 14 14 14 14 14 14 14 14 14 14 14 14 14 14 14 14 14 14 14 14 14 14 14 14 14 14 14 14 14
29 19 14 13 14 14 14 14 14 14 14 14 14 14 14 14 14 14 14 14 14 14 14 14 14 14 14 14 14 14 14 14 14 14 14 14 14 14 14
15 8 10 11 9 12 13 10 11 16 12
31 19 14 13 14 14 14 14 14 14
19 29 14 13 14 14 14 14 14 14 14 14 14 14 14 14 14 14 14 14 14 14 14 14 14 14 14 14 14 14 14 14 14 14 14 14 14 14 14
30 19 14 13 14 14
30 19 14 13 14 14
19 34 14 13 14 14 14 14 14 14 14 14 14 14 14 14 14 14 14 14 14 14 14 14 14 14 14 14 14 14 14 14 14 14 14 14 14 14 14 14 14 14 14 14 14 14 14 14 14 14 14 14 14 14 14 14 14
29 19 14 13 14 14 14 14 14 14 14 14 14 14 14 14 14 14 14 14 14 14 14 14 14 14 14 14 14 14 14 14 14 14 14 14 14 14 14
1 2 3 4
34 19 14 13 14 14 14 14 14 14 14 14 14 14 14 14 14 14 14 14 14 14 14 14 14 14 14 14 14 14 14 14 14 14 14 14 14 14 14 14 14 14 14 14 14 14 14 14 14 14 14 14 14 14 14 14 14 14 14 14 14 14 14 14 14 14 14 14 14 14 14 14 14 14 14 14 14 14 14 14 14 14 14 14 14 14 14 14 14 14 14 14 14 14 14 14 14 14 14 14 14 14 14 14 14 14 14 14 14 14 14 14 14 14 14 14 14 14 14 14 14 14 14 14 14 14 14 14 14 14 14 14 14 14 14 14 14 14 14 14 14 14 14 14 14 14 14
1 2 3 4
19 36 14 13 14 14 14 14 14 14
19 37 14 13 14 14 14 14 14 38 38
1 2 3 4
29 19 14 13 14 14 14 14 14 14 14 14 14 14 14 14 14 14 14 14 14 14 14 14 14 14 14 14 14 14 14 14 14 14 14 14 14 14 14
19 31 14 13 14 14 14 14 14 14
29 19 14 13 14 14 14 14 14 14 14 14 14 14 14 14 14 14 14 14 14 14 14 14 14 14 14 14 14 14 14 14 14 14 14 14 14 14 14
29 19 14 13 14 14 14 14 14 14 14 14 14 14 14 14 14 14 14 14 14 14 14 14 14 14 14 14 14 14 14 14 14 14 14 14 14 14 14
28 19 14 13 14
29 19 14 13 14 14 14 14 14 14 14 14 14 14 14 14 14 14 14 14 14 14 14 14 14 14 14 14 14 14 14 14 14 14 14 14 14 14 14
19 31 14 13 14 14 14 14 14 14
34 19 14 13 14 14 14 14 14 14 14 14 14 14 14 14 14 14 14 14 14 14 14 14 14 14 14 14 14 14 14 14 14 14 14 14 14 14 14 14 14 14 14 14 14 14 14 14 14 14 14 14 14 14 14 14 14 14 14 14 14 14 14 14 14 14 14 14 14 14 14 14 14 14 14 14 14 14 14 14 14 14 14 14 14 14 14 14 14 14 14 14 14 14 14 14 14 14 14 14 14 14 14 14 14 14 14 14 14 14 14 14 14 14 14 14 14 14 14 14 14 14 14 14 14 14 14 14 14 14 14 14 14 14 14 14 14 14 14 14 14 14 14 14 14 14 14 14 14 14 14 14 14 14 14 14 14 14 14 14 14 14 14 14 14 14 14 14 14 14 14 14 14 14 14 14 14 14 14 14 14 14 14 14 14 14 14 14 14 14 14 14 14 14 14 14 14 14 14 14 14 14 14 14 14 14 14 14 14 14 14 14 14 14 14 14 14 14 14 14 14 14 14 14 14 14 14 14 14 14 14 14 14 14 14 14 14 14 14 14 14 14 14 14 14 14 14 14 14 14 14 14 14 14 14 14 14 14 14 14 14 14 14 14 14 14 14 14 14 14 14 14 14 14 14 14 14 14 14 14 14 14 14 14 14 14 14 14 14 14 14 14 14 14 14 14
1 2 3 4
1 2 3 4
19 33 14 13 14 14
19 33 14 13 14 14
19 31 14 13 14 14 14 14 14 14
15 8 10 9 11 12 13 10 11 16 12
19 29 14 13 14 14 14 14 14 14 14 14 14 14 14 14 14 14 14 14 14 14 14 14 14 14 14 14 14 14 14 14 14 14 14 14 14 14 14
1 2 3 4
15 8 10 11 9 12 13 10 11 16 12
1 2 3 4
15 10 11 8 9 12 13 10 11 16 12
28 19 14 13 14
1 2 3 4
1 2 3 4
19 29 14 13 14 14 14 14 14 14 14 14 14 14 14 14 14 14 14 14 14 14 14 14 14 14 14 14 14 14 14 14 14 14 14 14 14 14 14
1 2 3 4
19 29 14 13 14 14 14 14 14 14 14 14 14 14 14 14 14 14 14 14 14 14 14 14 14 14 14 14 14 14 14 14 14 14 14 14 14 14 14
19 29 14 13 14 14 14 14 14 14 14 14 14 14 14 14 14 14 14 14 14 14 14 14 14 14 14 14 14 14 14 14 14 14 14 14 14 14 14
1 2 3 4
15 8 10 11 9 12 13 10 11 16 12
1 2 3 4
29 19 14 13 14 14 14 14 14 14 14 14 14 14 14 14 14 14 14 14 14 14 14 14 14 14 14 14 14 14 14 14 14 14 14 14 14 14 14
29 19 14 13 14 14 14 14 14 14 14 14 14 14 14 14 14 14 14 14 14 14 14 14 14 14 14 14 14 14 14 14 14 14 14 14 14 14 14
1 2 3 4
19 29 14 13 14 14 14 14 14 14 14 14 14 14 14 14 14 14 14 14 14 14 14 14 14 14 14 14 14 14 14 14 14 14 14 14 14 14 14
19 33 14 13 14 14
19 30 14 13 14 14
28 19 14 13 14
19 30 14 13 14 14
1 2 3 4
19 29 14 13 14 14 14 14 14 14 14 14 14 14 14 14 14 14 14 14 14 14 14 14 14 14 14 14 14 14 14 14 14 14 14 14 14 14 14
19 28 14 13 14
19 33 14 13 14 14
29 19 14 13
1 2 3 4
31 19 14 13 14 14 14 14 14 14
1 2 3 4
29 19 14 13 14 14 14 14 14 14 14 14 14 14 14 14 14 14 14 14 14 14 14 14 14 14 14 14 14 14 14 14 14 14 14 14 14 14 14
19 28 14 13 14
1 2 3 4
19 37 14 13 14 14 14 14 14 38 38
19 31 14 13 14 14 14 14 14 14 14 14 14
19 29 14 13 14 14 14 14 14 14 14 14 14 14 14 14 14 14 14 14 14 14 14 14 14 14 14 14 14 14 14 14 14 14 14 14 14 14 14
30 19 14 13 14 14
1 2 3 4
29 19 14 13 14 14 14 14 14 14 14 14 14 14 14 14 14 14 14 14 14 14 14 14 14 14 14 14 14 14 14 14 14 14 14 14 14 14 14
19 30 14 13 14 14
19 30 14 13 14 14
15 8 10 11 9 12 13 10 11 16 12
23
29 19 14 13 14 14 14 14 14 14 14 14 14 14 14 14 14 14 14 14 14 14 14 14 14 14 14 14 14 14 14 14 14 14 14 14 14 14 14
1 2 3 4
28 19 14 13 14
1 2 3 4
33 19 14 13 14 14
29 19 14 13 14 14 14 14 14 14 14 14 14 14 14 14 14 14 14 14 14 14 14 14 14 14 14 14 14 14 14 14 14 14 14 14 14 14 14
29 19 14 13 14 14 14 14 14 14 14 14 14 14 14 14 14 14 14 14 14 14 14 14 14 14 14 14 14 14 14 14 14 14 14 14 14 14 14
33 19 14 13 14 14
19 31 14 13 14 14 14 14 14 14 14 14 14 14 14 14 14 14 14 14 14 14 14 14 14 14 14 14 14 14 14 14 14 14 14
1 2 3 4
1 2 3 4
29 19 14 13 14 14 14 14 14 14 14 14 14 14 14 14 14 14 14 14 14 14 14 14 14 14 14 14 14 14 14 14 14 14 14 14 14 14 14
1 2 3 4
19 30 14 13 14 14
1 2 3 4
28 19 14 13 14
19 31 14 13 14 14 14 14 14 14
1 2 3 4
29 19 14 13 14 14 14 14 14 14 14 14 14 14 14 14 14 14 14 14 14 14 14 14 14 14 14 14 14 14 14 14 14 14 14 14 14 14 14
15 8 10 11 9 12 13 10 11 16 12
19 29 14 13 14 14 14 14 14 14 14 14 14 14 14 14 14 14 14 14 14 14 14 14 14 14 14 14 14 14 14 14 14 14 14 14 14 14 14
28 19 14 13 14
1 2 3 4
19 29 14 13 14 14 14 14 14 14 14 14 14 14 14 14 14 14 14 14 14 14 14 14 14 14 14 14 14 14 14 14 14 14 14 14 14 14 14
15 8 9 10 11 12 13 10 11 16 12
1 2 3 4
15 8 10 11 9 12 13 10 11 16 12
15 8 10 11 9 12 13 10 11 16 12
19 29 14 13 14 14 14 14 14 14 14 14 14 14 14 14 14 14 14 14 14 14 14 14 14 14 14 14 14 14 14 14 14 14 14 14 14 14 14
19 30 14 13 14 14
19 33 14 13 14 14
30 19 14 13 14 14
15 8 10 11 9 12 13 10 11 16 12
1 2 3 4
19 30 14 13 14 14
1 2 3 4
1 2 3 4
19 28 14 13 14
1 2 3 4
19 28 14 13 14
29 19 14 13 14 14 14 14 14 14 14 14 14 14 14 14 14 14 14 14 14 14 14 14 14 14 14 14 14 14 14 14 14 14 14 14 14 14 14
15 8 10 11 9 12 13 10 11 16 12
19 28 14 13 14
1 2 3 4
15 8 10 11 9 12 13 10 11 16 12
1 2 3 4
1 2 3 4
15 8 10 11 9 12 13 10 11 16 12
19 28 14 13
19 29 14 13 14 14 14 14 14 14 14 14 14 14 14 14 14 14 14 14 14 14 14 14 14 14 14 14 14 14 14 14 14 14 14 14 14 14 14
19 31 14 13 14 14 14 14 14 14
29 19 14 13 14 14 14 14 14 14 14 14 14 14 14 14 14 14 14 14 14 14 14 14 14 14 14 14 14 14 14 14 14 14 14 14 14 14 14
29 19 14 13 14 14 14 14 14 14 14 14 14 14 14 14 14 14 14 14 14 14 14 14 14 14 14 14 14 14 14 14 14 14 14 14 14 14 14
32 19 14 13 14 14 14
1 2 3 4
15 8 10 11 9 12 13 10 11 16 12
15 8 10 11 9 12 13 10 11 16 12
1 2 3 4
19 29 14 13 14 14 14 14 14 14 14 14 14 14 14 14 14 14 14 14 14 14 14 14 14 14 14 14 14 14 14 14 14 14 14 14 14 14 14
19 14 43 13 14 14
1 2 3 4
1 2 3 4
1 2 3 4
1 2 3 4
30 19 14 13 14 14
15 8 10 11 9 12 13 10 11 16 12
19 28 14 13 14
28 19 14 13
19 29 14 13 14 14 14 14 14 14 14 14 14 14 14 14 14 14 14 14 14 14 14 14 14 14 14 14 14 14 14 14 14 14 14 14 14 14 14
31 19 14 13 14 14 14 14 14 14
31 19 14 13 14 14 14 14 14 14 14 14 14 14 14 14 14 14 14 14 14 14 14 14 14 14 14 14 14 14 14 14 14 14 14 14 14 14 14 14 14 14 14 14 14 14 14 14 14 14 14 14 14 14 14 14 14 14 14 14 14 14 14 14 14 14 14 14 14 14 14 14 14 14 14 14 14 14 14 14 14 14 14 14 14 14 14 14 14 14 14 14 14 14 14 14 14 14 14 14 14 14 14 14 14 14 14 14 14 14 14 14 14 14 14 14 14 14 14 14 14 14 14 14 14 14 14 14 14 14 14 14 14 14 14 14 14 14 14 14 14 14 14 14 14 14 14 14 14 14 14 14 14 14 14 14 14 14 14 14 14 14 14 14 14 14 14 14 14 14 14 14 14 14 14 14 14 14 14 14 14 14 14 14 14 14 14 14 14 14 14 14 14 14 14 14 14 14 14 14 14 14 14 14 14 14 14 14 14 14 14 14 14 14 14 14 14 14 14 14 14 14 14 14 14 14 14 14 14 14 14 14 14 14 14 14 14 14 14 14 14 14 14 14 14 14 14 14 14 14 14 14 14 14 14 14 14 14 14 14 14 14 14 14 14 14 14 14 14 14 14 14 14 14 14 14 14 14 14 14 14 14 14 14 14 14 14 14 14 14 14 14 14 14 14 14 14
1 2 3 4
19 28 14 13 14
15 8 10 11 9 12 13 10 11 16 12
19 29 14 13 14 14 14 14 14 14 14 14 14 14 14 14 14 14 14 14 14 14 14 14 14 14 14 14 14 14 14 14 14 14 14 14 14 14 14
29 19 14 13 14 14 14 14 14 14 14 14 14 14 14 14 14 14 14 14 14 14 14 14 14 14 14 14 14 14 14 14 14 14 14 14 14 14 14
19 30 14 13 14 14
36 19 14 13 14 14 14 14 14 14 14 14 14 14 14
30 19 14 13 14 14
36 19 14 13 14 14 14 14 14 14 14 14 14 14 14 14 14 14 14 14 14 14 14 14 14 14 14 14 14 14 14 14 14 14 14
1 2 3 4
30 19 14 13 14 14
19 29 14 13 14 14 14 14 14 14 14 14 14 14 14 14 14 14 14 14 14 14 14 14 14 14 14 14 14 14 14 14 14 14 14 14 14 14 14
29 19 14 13 14 14 14 14 14 14 14 14 14 14 14 14 14 14 14 14 14 14 14 14 14 14 14 14 14 14 14 14 14 14 14 14 14 14 14
28 19 14 13 14
1 2 3 4
15 8 10 11 9 12 13 16 10 11 12
29 19 14 13 14 14 14 14 14 14 14 14 14 14 14 14 14 14 14 14 14 14 14 14 14 14 14 14 14 14 14 14 14 14 14 14 14 14 14
1 2 3 4
30 19 14 13 14 14
29 19 14 13 14 14 14 14 14 14 14 14 14 14 14 14 14 14 14 14 14 14 14 14 14 14 14 14 14 14 14 14 14 14 14 14 14 14 14
30 19 14 13 14 14
19 37 14 13 14 14 14 14 14 38 38
1 2 3 4
19 31 14 13 14 14 14 14 14 14
37 19 14 13 14 14 14 14 14 38 38 14 14 38 38
29 19 14 13 14 14 14 14 14 14 14 14 14 14 14 14 14 14 14 14 14 14 14 14 14 14 14 14 14 14 14 14 14 14 14 14 14 14 14
1 2 3 4
19 28 14 13 14
28 19 14 13 14
19 31 14 13 14 14 14 14 14 14
29 19 14 13 14 14 14 14 14 14 14 14 14 14 14 14 14 14 14 14 14 14 14 14 14 14 14 14 14 14 14 14 14 14 14 14 14 14 14
1 2 3 4
19 30 14 13 14 14
1 2 3 4
15 8 10 11 9 12 13 10 11 16 12
1 2 3 4
8
28 19 14 13 14
19 34 14 13 14 14 14 14 14 14 14 14 14 14 14 14 14 14 14 14 14 14 14 14 14 14 14 14 14 14 14 14 14 14 14 14 14 14 14 14 14 14 14 14 14 14 14 14 14 14 14 14 14 14 14
29 19 14 13 14 14 14 14 14 14 14 14 14 14 14 14 14 14 14 14 14 14 14 14 14 14 14 14 14 14 14 14 14 14 14 14 14 14 14
15 8 10 11 9 12 13 10 11 16 12
5
1 2 3 4
19 28 14 13 14
8 10 9 11 12 10 11 16 12
1 2 3 4
19 28 14 13 14
1 2 3 4
1 2 3 4
1 2 3 4
1 2 3 4
1 2 3 4
15 8 10 11 9 12 13 10 11 16 12
1 2 3 4
19 31 14 13 14 14 14 14 14 14
19 14 43 13 14 14
15 8 10 11 9 12 13 10 11 16 12
28 19 14 13 14
33 19 14 13 14 14
19 37 14 13 14 14 14 14 14 38 38
1 2 3 4
15 8 10 11 9 12 13 10 11 16 12
1 2 3 4
19 28 14 13
19 37 14 13 14 14 14 14 14 38 38
19 31 14 13 14 14 14 14 14 14
33 19 14 13 14 14
19 28 14 13
1 2 3 4
31 19 14 13 14 14 14 14 14 14
1 2 3 4
15 8 10 11 9 12 13 10 11 16 12
29 19 14 13 14 14 14 14 14 14 14 14 14 14 14 14 14 14 14 14 14 14 14 14 14 14 14 14 14 14 14 14 14 14 14 14 14 14 14
1 2 3 4
29 19 14 13 14 14 14 14 14 14 14 14 14 14 14 14 14 14 14 14 14 14 14 14 14 14 14 14 14 14 14 14 14 14 14 14 14 14 14
19 29 14 13 14 14 14 14 14 14 14 14 14 14 14 14 14 14 14 14 14 14 14 14 14 14 14 14 14 14 14 14 14 14 14 14 14 14 14
24
1 2 3 4
19 29 14 13 14 14 14 14 14 14 14 14 14 14 14 14 14 14 14 14 14 14 14 14 14 14 14 14 14 14 14 14 14 14 14 14 14 14 14
19 30 14 13 14 14
31 19 14 13 14 14 14 14 14 14
39 19 14 13 14 14
1 2 3 4
19 31 14 13 14 14 14 14 14 14
30 19 14 13 14 14
1 2 3 4
19 30 14 13 14 14
19 36 14 13 14 14 14 14 14 14 14 14 14 14 14 14 14 14 14 14 14 14
1 2 3 4
19 31 14 13 14 14 14 14 14 14
19 36 14 13 14 14 14 14 14 14 14 14
31 19 14 13 14 14 14 14 14 14
34 19 14 13 14 14 14 14 14 14 14 14 14 14 14 14 14 14 14 14 14 14 14 14 14 14 14 14 14 14 14 14 14 14 14 14 14 14 14 14 14 14 14 14 14 14 14 14 14 14 14 14 14 14 14 14 14 14 14 14 14 14 14 14 14 14 14 14 14 14 14 14 14 14 14 14 14 14 14 14 14 14 14 14 14 14 14 14 14 14 14 14 14 14 14 14 14 14 14 14 14 14 14 14 14 14 14
1 2 3 4
29 19 14 13 14 14 14 14 14 14 14 14 14 14 14 14 14 14 14 14 14 14 14 14 14 14 14 14 14 14 14 14 14 14 14 14 14 14 14
15 10 11 8 9 12 13 10 11 16 12
19 29 14 13 14 14 14 14 14 14 14 14 14 14 14 14 14 14 14 14 14 14 14 14 14 14 14 14 14 14 14 14 14 14 14 14 14 14 14
1 2 3 4
19 31 14 13 14 14 14 14 14 14
19 29 14 13 14 14 14 14 14 14 14 14 14 14 14 14 14 14 14 14 14 14 14 14 14 14 14 14 14 14 14 14 14 14 14 14 14 14 14
15 8 10 11 9 12 13 10 11 16 12
1 2 3 4
31 19 14 13 14 14 14 14 14 14
19 40 14 13 14 14 14
29 19 14 13 14 14 14 14 14 14 14 14 14 14 14 14 14 14 14 14 14 14 14 14 14 14 14 14 14 14 14 14 14 14 14 14 14 14 14
15 8 10 11 9 12 13 10 11 16 12
1 2 3 4
15 8 10 11 9 12 13 10 11 16 12
15 8 10 11 9 12 13 10 11 16 12
28 19 14 13
19 28 14 13 14
1 2 3 4
1 2 3 4
19 33 14 13 14 14
33 19 14 13 14 14
31 19 14 13 14 14 14 14 14 14
29 19 14 13 14 14 14 14 14 14 14 14 14 14 14 14 14 14 14 14 14 14 14 14 14 14 14 14 14 14 14 14 14 14 14 14 14 14 14
28 19 14 13
19 29 14 13 14 14 14 14 14 14 14 14 14 14 14 14 14 14 14 14 14 14 14 14 14 14 14 14 14 14 14 14 14 14 14 14 14 14 14
1 2 3 4
15 10 11 8 9 12 13 10 11 16 12
29 19 14 13 14 14 14 14 14 14 14 14 14 14 14 14 14 14 14 14 14 14 14 14 14 14 14 14 14 14 14 14 14 14 14 14 14 14 14
19 31 14 13 14 14 14 14 14 14
36 19 14 13 14 14 14 14 14 14 14 14
42 19 14 13 14 14 14
19 31 14 13 14 14 14 14 14 14 14
29 19 14 13 14 14 14 14 14 14 14 14 14 14 14 14 14 14 14 14 14 14 14 14 14 14 14 14 14 14 14 14 14 14 14 14 14 14 14
29 19 14 13 14 14 14 14 14 14 14 14 14 14 14 14 14 14 14 14 14 14 14 14 14 14 14 14 14 14 14 14 14 14 14 14 14 14 14
29 19 14 13 14 14 14 14 14 14 14 14 14 14 14 14 14 14 14 14 14 14 14 14 14 14 14 14 14 14 14 14 14 14 14 14 14 14 14
1 2 3 4
19 37 14 13 14 14 14 14 14 38 38
1 2 3 4
1 2 3 4
31 19 14 13 14 14 14 14 14 14 14
29 19 14 13 14 14 14 14 14 14 14 14 14 14 14 14 14 14 14 14 14 14 14 14 14 14 14 14 14 14 14 14 14 14 14 14 14 14 14
1 2 3 4
19 30 14 13 14 14
1 2 3 4
19 30 14 13 14 14
1 2 3 4
36 19 14 13 14 14 14 14 14 14 14 14 14 14 14
1 2 3 4
1 2 3 4
19 28 14 13 14
19 33 14 13 14 14
19 29 14 13 14 14 14 14 14 14 14 14 14 14 14 14 14 14 14 14 14 14 14 14 14 14 14 14 14 14 14 14 14 14 14 14 14 14 14
19 28 14 13 14
29 19 14 13 14 14 14 14 14 14 14 14 14 14 14 14 14 14 14 14 14 14 14 14 14 14 14 14 14 14 14 14 14 14 14 14 14 14 14
29 19 14 13 14 14 14 14 14 14 14 14 14 14 14 14 14 14 14 14 14 14 14 14 14 14 14 14 14 14 14 14 14 14 14 14 14 14 14
19 33 14 13 14 14
19 28 14 13 14
19 29 14 13 14 14 14 14 14 14 14 14 14 14 14 14 14 14 14 14 14 14 14 14 14 14 14 14 14 14 14 14 14 14 14 14 14 14 14
19 28 14 13
28 19 14 13 14
29 19 14 13 14 14 14 14 14 14 14 14 14 14 14 14 14 14 14 14 14 14 14 14 14 14 14 14 14 14 14 14 14 14 14 14 14 14 14
1 2 3 4
19 37 14 13 14 14 14 14 14 38 38
19 29 14 13 14 14 14 14 14 14 14 14 14 14 14 14 14 14 14 14 14 14 14 14 14 14 14 14 14 14 14 14 14 14 14 14 14 14 14
29 19 14 13 14 14 14 14 14 14 14 14 14 14 14 14 14 14 14 14 14 14 14 14 14 14 14 14 14 14 14 14 14 14 14 14 14 14 14
19 30 14 13 14 14
1 2 3 4
19 35 14 13 14 14 14 14
15 8 10 11 9 12 13 10 11 16 12
1 2 3 4
1 2 3 4
1 2 3 4
29 19 14 13 14 14 14 14 14 14 14 14 14 14 14 14 14 14 14 14 14 14 14 14 14 14 14 14 14 14 14 14 14 14 14 14 14 14 14
19 28 14 13 14
19 33 14 13 14 14
19 29 14 13 14 14 14 14 14 14 14 14 14 14 14 14 14 14 14 14 14 14 14 14 14 14 14 14 14 14 14 14 14 14 14 14 14 14 14
1 2 3 4
31 19 14 13 14 14 14 14 14 14
19 29 14 13 14 14 14 14 14 14 14 14 14 14 14 14 14 14 14 14 14 14 14 14 14 14 14 14 14 14 14 14 14 14 14 14 14 14 14
30 19 14 13 14 14
19 31 14 13 14 14 14 14 14 14
1 2 3 4
29 19 14 13 14 14 14 14 14 14 14 14 14 14 14 14 14 14 14 14 14 14 14 14 14 14 14 14 14 14 14 14 14 14 14 14 14 14 14
1 2 3 4
19 30 14 13 14 14
8 10 11 9 12 10 11 16 12
19 29 14 13 14 14 14 14 14 14 14 14 14 14 14 14 14 14 14 14 14 14 14 14 14 14 14 14 14 14 14 14 14 14 14 14 14 14 14
1 2 3 4
15 8 10 11 9 12 13 10 11 16 12
19 31 14 13 14 14 14 14 14 14
1 2 3 4
15 8 10 11 9 12 13 10 11 16 12
1 2 3 4
1 2 3 4
1 2 3 4
1 2 3 4
28 19 14 13 14
19 30 14 13 14 14
33 19 14 13 14 14
1 2 3 4
19 31 14 13 14 14 14 14 14 14
1 2 3 4
1 2 3 4
1 2 3 4
19 29 14 13 14 14 14 14 14 14 14 14 14 14 14 14 14 14 14 14 14 14 14 14 14 14 14 14 14 14 14 14 14 14 14 14 14 14 14
28 19 14 13 14
29 19 14 13 14 14 14 14 14 14 14 14 14 14 14 14 14 14 14 14 14 14 14 14 14 14 14 14 14 14 14 14 14 14 14 14 14 14 14
28 19 14 13 14
19 33 14 13 14 14
19 29 14 13 14 14 14 14 14 14 14 14 14 14 14 14 14 14 14 14 14 14 14 14 14 14 14 14 14 14 14 14 14 14 14 14 14 14 14
1 2 3 4
30 19 14 13 14 14
1 2 3 4
1 2 3 4
19 36 14 13 14 14 14 14 14 14
1 2 3 4
19 29 14 13 14 14 14 14 14 14 14 14 14 14 14 14 14 14 14 14 14 14 14 14 14 14 14 14 14 14 14 14 14 14 14 14 14 14 14
19 33 14 13 14 14
1 2 3 4
19 33 14 13 14 14
1 2 3 4
1 2 3 4
33 19 14 13 14 14
15 8 10 11 9 12 13 10 11 16 12
28 19 14 13 14
1 2 3 4
1 2 3 4
15 8 10 11 9 12 13 10 11 16 12
29 19 14 13 14 14 14 14 14 14 14 14 14 14 14 14 14 14 14 14 14 14 14 14 14 14 14 14 14 14 14 14 14 14 14 14 14 14 14
33 19 14 13 14 14
19 29 14 13 14 14 14 14 14 14 14 14 14 14 14 14 14 14 14 14 14 14 14 14 14 14 14 14 14 14 14 14 14 14 14 14 14 14 14
19 30 14 13 14 14
1 2 3 4
19 29 14 13 14 14 14 14 14 14 14 14 14 14 14 14 14 14 14 14 14 14 14 14 14 14 14 14 14 14 14 14 14 14 14 14 14 14 14
1 2 3 4
19 28 14 13 14
19 34 14 13 14 14 14 14 14 14 14 14 14 14 14 14 14 14 14 14 14 14 14 14 14 14 14 14 14 14 14 14 14 14 14 14 14 14 14 14 14 14 14 14 14 14 14 14 14 14 14 14 14 14 14 14
19 37 14 13 14 14 14 14 14 38 38
1 2 3 4
40 19 14 13 14 14 14
28 19 14 13 14
29 19 14 13 14 14 14 14 14 14 14 14 14 14 14 14 14 14 14 14 14 14 14 14 14 14 14 14 14 14 14 14 14 14 14 14 14 14 14
19 29 14 13 14 14 14 14 14 14 14 14 14 14 14 14 14 14 14 14 14 14 14 14 14 14 14 14 14 14 14 14 14 14 14 14 14 14 14
1 2 3 4
19 29 14 13 14 14 14 14 14 14 14 14 14 14 14 14 14 14 14 14 14 14 14 14 14 14 14 14 14 14 14 14 14 14 14 14 14 14 14
15 8 10 11 9 12 13 10 11 16 12
30 19 14 13 14 14
1 2 3 4
15 8 9 10 11 12 13 10 11 16 12
28 19 14 13 14
1 2 3 4
1 2 3 4
28 19 14 13 14
29 19 14 13 14 14 14 14 14 14 14 14 14 14 14 14 14 14 14 14 14 14 14 14 14 14 14 14 14 14 14 14 14 14 14 14 14 14 14
1 2 3 4
1 2 3 4
19 29 14 13 14 14 14 14 14 14 14 14 14 14 14 14 14 14 14 14 14 14 14 14 14 14 14 14 14 14 14 14 14 14 14 14 14 14 14
19 28 14 13 14
1 2 3 4
19 33 14 13 14 14
1 2 3 4
28 19 14 13 14
29 19 14 13 14 14 14 14 14 14 14 14 14 14 14 14 14 14 14 14 14 14 14 14 14 14 14 14 14 14 14 14 14 14 14 14 14 14 14
1 2 3 4
15 8 10 11 9 12 13 10 11 16 12
1 2 3 4
29 19 14 13 14 14 14 14 14 14 14 14 14 14 14 14 14 14 14 14 14 14 14 14 14 14 14 14 14 14 14 14 14 14 14 14 14 14 14
1 2 3 4
1 2 3 4
19 31 14 13 14 14 14 14 14 14
19 29 14 13 14 14 14 14 14 14 14 14 14 14 14 14 14 14 14 14 14 14 14 14 14 14 14 14 14 14 14 14 14 14 14 14 14 14 14
19 39 14 13 14 14
29 19 14 13 14 14 14 14 14 14 14 14 14 14 14 14 14 14 14 14 14 14 14 14 14 14 14 14 14 14 14 14 14 14 14 14 14 14 14
1 2 3 4
1 2 3 4
19 29 14 13 14 14 14 14 14 14 14 14 14 14 14 14 14 14 14 14 14 14 14 14 14 14 14 14 14 14 14 14 14 14 14 14 14 14 14
1 2 3 4
33 19 14 13 14 14
15 8 10 11 9 12 13 10 11 16 12
29 19 14 13 14 14 14 14 14 14 14 14 14 14 14 14 14 14 14 14 14 14 14 14 14 14 14 14 14 14 14 14 14 14 14 14 14 14 14
19 30 14 13 14 14
1 2 3 4
1 2 3 4
1 2 3 4
1 2 3 4
19 28 14 13 14
1 2 3 4
19 37 14 13 14 14 14 14 14 38 38
1 2 3 4
29 19 14 13 14 14 14 14 14 14 14 14 14 14 14 14 14 14 14 14 14 14 14 14 14 14 14 14 14 14 14 14 14 14 14 14 14 14 14
28 19 14 13 14
37 19 14 13 14 14 14 14 14 38 38
19 30 14 13 14 14
19 37 14 13 14 14 14 14 14 38 38
29 19 14 13 14 14 14 14 14 14 14 14 14 14 14 14 14 14 14 14 14 14 14 14 14 14 14 14 14 14 14 14 14 14 14 14 14 14 14
19 40 14 13 14 14 14
40 19 14 13 14 14 14
1 2 3 4
19 37 14 13 14 14 14 14 14 38 38
29 19 14 13 14 14 14 14 14 14 14 14 14 14 14 14 14 14 14 14 14 14 14 14 14 14 14 14 14 14 14 14 14 14 14 14 14 14 14
19 28 14 13 14
1 2 3 4
29 19 14 13 14 14 14 14 14 14 14 14 14 14 14 14 14 14 14 14 14 14 14 14 14 14 14 14 14 14 14 14 14 14 14 14 14 14 14
1 2 3 4
1 2 3 4
19 28 14 13 14
40 19 14 13 14 14 14
29 19 14 13 14 14 14 14 14 14 14 14 14 14 14 14 14 14 14 14 14 14 14 14 14 14 14 14 14 14 14 14 14 14 14 14 14 14 14
1 2 3 4
1 2 3 4
39 19 14 13 14 14
1 2 3 4
1 2 3 4
1 2 3 4
19 29 14 13 14 14 14 14 14 14 14 14 14 14 14 14 14 14 14 14 14 14 14 14 14 14 14 14 14 14 14 14 14 14 14 14 14 14 14
1 2 3 4
19 33 14 13 14 14
19 29 14 13 14 14 14 14 14 14 14 14 14 14 14 14 14 14 14 14 14 14 14 14 14 14 14 14 14 14 14 14 14 14 14 14 14 14 14
29 19 14 13 14 14 14 14 14 14 14 14 14 14 14 14 14 14 14 14 14 14 14 14 14 14 14 14 14 14 14 14 14 14 14 14 14 14 14
19 30 14 13 14 14
19 31 14 13 14 14 14 14 14 14 14
29 19 14 13
19 29 14 13 14 14 14 14 14 14 14 14 14 14 14 14 14 14 14 14 14 14 14 14 14 14 14 14 14 14 14 14 14 14 14 14 14 14 14
19 29 14 13 14 14 14 14 14 14 14 14 14 14 14 14 14 14 14 14 14 14 14 14 14 14 14 14 14 14 14 14 14 14 14 14 14 14 14
30 19 14 13 14 14
19 37 14 13 14 14 14 14 14 38 38
19 30 14 13 14 14
1 2 3 4
1 2 3 4
19 29 14 13 14 14 14 14 14 14 14 14 14 14 14 14 14 14 14 14 14 14 14 14 14 14 14 14 14 14 14 14 14 14 14 14 14 14 14
1 2 3 4
1 2 3 4
28 19 14 13 14
1 2 3 4
15 8 10 11 9 12 13 10 11 16 12
1 2 3 4
1 2 3 4
5
36 19 14 13 14 14 14 14 14 14
1 2 3 4
15 8 10 11 9 12 13 10 11 16 12
1 2 3 4
19 28 14 13 14
1 2 3 4
19 31 14 13 14 14 14 14 14 14
19 29 14 13 14 14 14 14 14 14 14 14 14 14 14 14 14 14 14 14 14 14 14 14 14 14 14 14 14 14 14 14 14 14 14 14 14 14 14
28 19 14
19 39 14 13 14 14
19 30 14 13 14 14
19 31 14 13 14 14 14 14 14 14
31 19 14 13 14 14 14 14 14 14
1 2 3 4
29 19 14 13 14 14 14 14 14 14 14 14 14 14 14 14 14 14 14 14 14 14 14 14 14 14 14 14 14 14 14 14 14 14 14 14 14 14 14
29 19 14 13 14 14 14 14 14 14 14 14 14 14 14 14 14 14 14 14 14 14 14 14 14 14 14 14 14 14 14 14 14 14 14 14 14 14 14
19 30 14 13 14 14
31 19 14 13 14 14 14 14 14 14
30 19 14 13
19 29 14 13 14 14 14 14 14 14 14 14 14 14 14 14 14 14 14 14 14 14 14 14 14 14 14 14 14 14 14 14 14 14 14 14 14 14 14
30 19 14 13 14 14
19 29 14 13 14 14 14 14 14 14 14 14 14 14 14 14 14 14 14 14 14 14 14 14 14 14 14 14 14 14 14 14 14 14 14 14 14 14 14
33 19 14 13 14 14
19 29 14 13 14 14 14 14 14 14 14 14 14 14 14 14 14 14 14 14 14 14 14 14 14 14 14 14 14 14 14 14 14 14 14 14 14 14 14
1 2 3 4
29 19 14 13 14 14 14 14 14 14 14 14 14 14 14 14 14 14 14 14 14 14 14 14 14 14 14 14 14 14 14 14 14 14 14 14 14 14 14
28 19 14 13
19 28 14 13
19 31 14 13 14 14 14 14 14 14
29 19 14 13 14 14 14 14 14 14 14 14 14 14 14 14 14 14 14 14 14 14 14 14 14 14 14 14 14 14 14 14 14 14 14 14 14 14 14
28 19 14 13 14
28 19 14 13 14
5
1 2 3 4
1 2 3 4
19 29 14 13 14 14 14 14 14 14 14 14 14 14 14 14 14 14 14 14 14 14 14 14 14 14 14 14 14 14 14 14 14 14 14 14 14 14 14
19 29 14 13 14 14 14 14 14 14 14 14 14 14 14 14 14 14 14 14 14 14 14 14 14 14 14 14 14 14 14 14 14 14 14 14 14 14 14
30 19 14 13 14 14
19 30 14 13 14 14
28 19 14 13 14
19 29 14 13 14 14 14 14 14 14 14 14 14 14 14 14 14 14 14 14 14 14 14 14 14 14 14 14 14 14 14 14 14 14 14 14 14 14 14
29 19 14 13 14 14 14 14 14 14 14 14 14 14 14 14 14 14 14 14 14 14 14 14 14 14 14 14 14 14 14 14 14 14 14 14 14 14 14
19 30 14 13 14 14
21
1 2 3 4
1 2 3 4
19 28 14 13 14
1 2 3 4
19 28 14 13 14
1 2 3 4
19 33 14 13 14 14
1 2 3 4
1 2 3 4
19 31 14 13 14 14 14 14 14 14
19 33 14 13 14 14
15 8 10 11 9 12 13 10 11 16 12
1 2 3 4
1 2 3 4
19 31 14 13 14 14 14 14 14 14
19 30 14 13 14 14
29 19 14 13 14 14 14 14 14 14 14 14 14 14 14 14 14 14 14 14 14 14 14 14 14 14 14 14 14 14 14 14 14 14 14 14 14 14 14
1 2 3 4
33 19 14 13 14 14
19 29 14 13 14 14 14 14 14 14 14 14 14 14 14 14 14 14 14 14 14 14 14 14 14 14 14 14 14 14 14 14 14 14 14 14 14 14 14
28 19 14 13 14
1 2 3 4
28 19 14 13 14
19 34 14 13 14 14 14 14 14 14 14 14 14 14 14 14 14 14 14 14 14 14 14 14 14 14 14 14 14 14 14 14 14 14 14 14 14 14 14 14 14 14 14 14 14 14 14 14 14 14 14 14 14 14 14 14
31 19 14 13 14 14 14 14 14 14 14
19 33 14 13 14 14
31 19 14 13 14 14 14 14 14 14 14
28 19 14 13 14
1 2 3 4
19 31 14 13 14 14 14 14 14 14
1 2 3 4
19 30 14 13 14 14
19 28 14 13 14
37 19 14 13 14 14 14 14 14 38 38
15 8 10 11 9 12 13 10 11 16 12
29 19 14 13 14 14 14 14 14 14 14 14 14 14 14 14 14 14 14 14 14 14 14 14 14 14 14 14 14 14 14 14 14 14 14 14 14 14 14
30 19 14 13 14 14
1 2 3 4
1 2 3 4
28 19 14 13
1 2 3 4
1 2 3 4
19 29 14 13 14 14 14 14 14 14 14 14 14 14 14 14 14 14 14 14 14 14 14 14 14 14 14 14 14 14 14 14 14 14 14 14 14 14 14
1 2 3 4
15 8 10 11 9 12 13 10 11 16 12
31 19 14 13 14 14 14 14 14 14 14 14 14 14 14 14 14 14 14 14 14 14 14 14 14 14 14 14 14 14 14 14 14 14 14 14 14 14 14 14 14 14 14 14 14 14 14 14 14 14 14 14 14 14 14 14 14 14 14 14 14 14 14 14 14 14 14 14 14 14 14 14 14 14 14 14 14 14 14 14 14 14 14 14 14 14 14 14 14 14 14 14 14 14 14 14 14 14 14 14 14 14 14 14 14 14 14 14 14 14 14 14 14 14 14 14 14 14 14 14 14 14 14 14 14 14 14 14 14 14 14 14 14 14 14 14 14 14 14 14 14 14 14 14 14 14 14 14 14 14 14 14 14 14 14 14 14 14 14 14 14 14 14 14 14 14 14 14 14 14 14 14 14 14 14 14 14 14 14 14 14 14 14 14 14 14 14 14 14 14 14 14 14 14 14 14 14 14 14 14 14 14 14 14 14 14 14 14 14 14 14 14 14 14 14 14 14 14 14 14 14 14 14 14 14 14 14 14 14 14 14 14 14 14 14 14 14 14 14 14 14 14 14 14 14 14 14 14 14 14 14 14 14 14 14 14 14 14 14 14 14 14 14 14 14 14 14 14 14 14 14 14 14 14 14 14 14 14 14 14 14 14 14 14 14 14 14 14 14 14 14 14 14 14
29 19 14 13 14 14 14 14 14 14 14 14 14 14 14 14 14 14 14 14 14 14 14 14 14 14 14 14 14 14 14 14 14 14 14 14 14 14 14
30 19 14 13 14 14
19 28 14 13 14
29 19 14 13 14 14 14 14 14 14 14 14 14 14 14 14 14 14 14 14 14 14 14 14 14 14 14 14 14 14 14 14 14 14 14 14 14 14 14
5
28 19 14 13 14
19 37 14 13 14 14 14 14 14 38 38
19 29 14 13 14 14 14 14 14 14 14 14 14 14 14 14 14 14 14 14 14 14 14 14 14 14 14 14 14 14 14 14 14 14 14 14 14 14 14
20
19 40 14 13 14 14 14
19 29 14 13 14 14 14 14 14 14 14 14 14 14 14 14 14 14 14 14 14 14 14 14 14 14 14 14 14 14 14 14 14 14 14 14 14 14 14
1 2 3 4
19 31 14 13 14 14 14 14 14 14
1 2 3 4
19 31 14 13 14 14 14 14 14 14 14 14 14 14 14 14 14 14 14 14 14 14 14 14 14 14 14 14 14 14 14 14 14 14 14 14 14 14 14 14 14 14 14 14 14 14 14 14 14 14 14 14 14 14 14 14 14 14 14 14 14 14 14 14 14 14 14 14 14 14 14 14 14 14 14 14 14 14 14 14 14 14 14 14 14 14 14 14 14 14 14 14 14 14 14 14 14 14 14 14 14 14 14 14 14 14 14 14 14 14 14 14 14 14 14 14 14 14 14 14 14 14 14 14 14 14 14 14 14 14 14 14 14 14 14 14 14 14 14 14 14 14 14 14 14 14 14 14 14 14 14 14 14 14 14 14 14 14 14 14 14 14 14 14 14 14 14 14 14 14 14 14 14 14 14 14 14 14 14 14 14 14 14 14 14 14 14 14 14 14 14 14 14 14 14 14 14 14 14 14 14 14 14 14 14 14 14 14 14 14 14 14 14 14 14 14 14 14 14 14 14 14 14 14 14 14 14 14 14 14 14 14 14 14 14 14 14 14 14 14 14 14 14 14 14 14 14 14 14 14 14 14 14 14 14 14 14 14 14 14 14 14 14 14 14 14 14 14 14 14 14 14 14 14 14 14 14 14 14 14 14 14 14 14 14 14 14 14 14 14 14 14 14 14 14 14 14
19 39 14 13 14 14
29 19 14 13 14 14 14 14 14 14 14 14 14 14 14 14 14 14 14 14 14 14 14 14 14 14 14 14 14 14 14 14 14 14 14 14 14 14 14
19 29 14 13 14 14 14 14 14 14 14 14 14 14 14 14 14 14 14 14 14 14 14 14 14 14 14 14 14 14 14 14 14 14 14 14 14 14 14
19 30 14 13 14 14
30 19 14 13 14 14
19 29 14 13 14 14 14 14 14 14 14 14 14 14 14 14 14 14 14 14 14 14 14 14 14 14 14 14 14 14 14 14 14 14 14 14 14 14 14
19 30 14 13 14 14
1 2 3 4
37 19 14 13 14
1 2 3 4
15 8 10 11 9 12 13 16 10 11 12
19 36 14 13 14 14 14 14 14 14 14
30 19 14 13 14 14
1 2 3 4
15 8 10 11 9 12 13 10 11 16 12
1 2 3 4
19 28 14 13 14
15 8 10 11 9 12 13 10 16 11 12
19 29 14 13 14 14 14 14 14 14 14 14 14 14 14 14 14 14 14 14 14 14 14 14 14 14 14 14 14 14 14 14 14 14 14 14 14 14 14
15 8 10 11 9 12 13 10 11 16 12
15 8 10 11 9 12 13 10 11 16 12
1 2 3 4
19 29 14 13 14 14 14 14 14 14 14 14 14 14 14 14 14 14 14 14 14 14 14 14 14 14 14 14 14 14 14 14 14 14 14 14 14 14 14
34 19 14 13 14 14 14 14 14 14 14 14 14 14 14 14 14 14 14 14 14 14 14 14 14 14 14 14 14 14 14 14 14 14 14 14 14 14 14 14 14 14 14 14 14 14 14 14 14 14 14 14 14 14 14 14 14 14 14 14 14 14 14 14 14 14 14 14 14 14 14 14 14 14 14 14 14 14 14 14 14 14 14 14 14 14 14 14 14 14 14 14 14 14 14 14 14 14 14 14 14 14 14 14 14 14 14 14 14 14 14 14 14 14 14 14 14 14 14 14 14 14 14 14 14 14 14 14 14 14 14 14 14 14 14 14 14 14 14 14 14 14 14 14 14 14 14 14 14 14 14 14 14 14 14 14 14 14 14 14 14 14 14 14 14 14 14 14 14 14 14 14 14 14 14 14 14 14 14 14 14 14 14 14 14 14 14 14 14 14 14 14 14 14 14 14 14 14 14 14
15 8 10 11 9 12 13 10 11 16 12
1 2 3 4
1 2 3 4
1 2 3 4
34 19 14 13 14 14 14 14 14 14 14 14 14 14 14 14 14 14 14 14 14 14 14 14 14 14 14 14 14 14 14 14 14 14 14 14 14 14 14 14 14 14 14 14 14 14 14 14 14 14 14 14 14 14 14 14 14 14 14 14 14 14 14 14 14 14 14 14 14 14 14 14 14 14 14 14 14 14 14 14 14 14 14 14 14 14 14 14 14 14 14 14 14 14 14 14 14 14 14 14 14 14 14 14 14 14 14 14 14 14 14 14 14 14 14 14 14 14 14 14 14 14 14 14 14 14 14 14 14 14 14 14 14 14 14 14 14 14 14 14 14 14 14 14 14 14 14 14 14 14 14 14 14 14 14 14 14
41 19 14 13 14 14 14 14 14 14
1 2 3 4
1 2 3 4
28 19 14 13 14
15 8 10 11 9 12 13 16 10 11 12
29 19 14 13 14 14 14 14 14 14 14 14 14 14 14 14 14 14 14 14 14 14 14 14 14 14 14 14 14 14 14 14 14 14 14 14 14 14 14
19 31 14 13 14 14 14 14 14 14 14
28 19 14 13 14
1 2 3 4
1 2 3 4
15 8 10 11 9 12 13 10 11 16 12
19 31 14 13 14 14 14 14 14 14
28 19 14 13 14
34 19 14 13 14 14 14 14 14 14 14 14 14 14 14 14 14 14 14 14 14 14 14 14 14 14 14 14 14 14 14 14 14 14 14 14 14 14 14 14 14 14 14 14 14 14 14 14 14 14 14 14 14 14 14 14 14 14 14 14 14 14 14 14 14 14 14 14 14 14 14 14 14 14 14 14 14 14 14 14 14 14 14 14 14 14 14 14 14 14 14 14 14 14 14 14 14 14 14 14 14 14 14 14 14 14 14 14 14 14 14 14 14 14 14 14 14 14 14 14 14 14 14 14 14 14 14 14 14 14 14 14 14 14 14 14 14 14 14 14 14 14 14 14 14 14 14 14 14 14 14 14 14 14 14 14 14
19 29 14 13 14 14 14 14 14 14 14 14 14 14 14 14 14 14 14 14 14 14 14 14 14 14 14 14 14 14 14 14 14 14 14 14 14 14 14
1 2 3 4
40 19 14 13 14 14 14
1 2 3 4
1 2 3 4
19 28 14 13 14
19 29 14 13 14 14 14 14 14 14 14 14 14 14 14 14 14 14 14 14 14 14 14 14 14 14 14 14 14 14 14 14 14 14 14 14 14 14 14
1 2 3 4
1 2 3 4
29 19 14 13 14 14 14 14 14 14 14 14 14 14 14 14 14 14 14 14 14 14 14 14 14 14 14 14 14 14 14 14 14 14 14 14 14 14 14
19 33 14 13 14 14
19 29 14 13 14 14 14 14 14 14 14 14 14 14 14 14 14 14 14 14 14 14 14 14 14 14 14 14 14 14 14 14 14 14 14 14 14 14 14
19 29 14 13 14 14 14 14 14 14 14 14 14 14 14 14 14 14 14 14 14 14 14 14 14 14 14 14 14 14 14 14 14 14 14 14 14 14 14
1 2 3 4
29 19 14 13 14 14 14 14 14 14 14 14 14 14 14 14 14 14 14 14 14 14 14 14 14 14 14 14 14 14 14 14 14 14 14 14 14 14 14
19 29 14 13 14 14 14 14 14 14 14 14 14 14 14 14 14 14 14 14 14 14 14 14 14 14 14 14 14 14 14 14 14 14 14 14 14 14 14
30 19 14 13 14 14
28 19 14 13 14
37 19 14 13 14 14 14 14 14 38 38 14 14 38 38
19 31 14 13 14 14 14 14 14 14 14 14 14 14 14 14 14 14 14 14 14 14 14 14 14 14 14 14 14 14 14 14 14 14 14 14 14 14 14 14 14 14 14 14 14 14
1 2 3 4
15 8 10 11 9 12 13 10 11 16 12
1 2 3 4
19 37 14 13 14 14 14 14 14 38 38
