29 15 10 9 10 26 33 33 33 33 33 33 33 33 33 33 26 33 26 33 26 26 33 26 26 33 26 26 33 26 33 26 33 26
15 25 10 9 10 26 27 27 27 27 27 27 27 27 27 27 27 27 27 27 27 27 27 27 27 27 27 27 27 27 27 27 27 27 27 27 27 27 27
24 15 10 9 10
15 36 10 9 10 26 26 33 26 37 37
15 28 10 9 10 26
11 4 6 7 5 8 9 6 7 12 8
31 15 10 9 10 26
24 15 10 9 10
38 15 10 9 10 26
15 28 10 9 10 26
11 4 6 7 5 8 9 6 7 12 8
25 15 10 9 10 26 27 27 27 27 27 27 27 27 27 27 27 27 27 27 27 27 27 27 27 27 27 27 27 27 27 27 27 27 27 27 27 27 27
32 15 10 9 10 26 26 26 26 26 26 33 26 26 33 26 26 27 33 26 26 27 33 26 26 27 33 26 26 27 33 26 26 27 33 26 26 27 33 26 26 26 26 27 33 26 26 33 26 26 33 26 26 33 26 26
25 15 10 9 10 26 27 27 27 27 27 27 27 27 27 27 27 27 27 27 27 27 27 27 27 27 27 27 27 27 27 27 27 27 27 27 27 27 27
15 25 10 9 10 26 27 27 27 27 27 27 27 27 27 27 27 27 27 27 27 27 27 27 27 27 27 27 27 27 27 27 27 27 27 27 27 27 27
15 36 10 9 10 26 26 33 26 37 37
15 25 10 9 10 26 27 27 27 27 27 27 27 27 27 27 27 27 27 27 27 27 27 27 27 27 27 27 27 27 27 27 27 27 27 27 27 27 27
11 4 6 7 5 8 9 6 7 12 8
36 15 10 9 10 26 26 33 26 37 37
15 25 10 9 10 26 27 27 27 27 27 27 27 27 27 27 27 27 27 27 27 27 27 27 27 27 27 27 27 27 27 27 27 27 27 27 27 27 27
11 4 6 7 5 8 9 6 7 12 8
15 25 10 9 10 26 27 27 27 27 27 27 27 27 27 27 27 27 27 27 27 27 27 27 27 27 27 27 27 27 27 27 27 27 27 27 27 27 27
25 15 10 9 10 26 27 27 27 27 27 27 27 27 27 27 27 27 27 27 27 27 27 27 27 27 27 27 27 27 27 27 27 27 27 27 27 27 27
15 24 10 9 10
15 24 10 9 10
15 42 10 9 10 26
25 15 10 9 10 26 27 27 27 27 27 27 27 27 27 27 27 27 27 27 27 27 27 27 27 27 27 27 27 27 27 27 27 27 27 27 27 27 27
15 24 10 9 10
28 15 10 9 10 26
11 6 7 4 5 8 9 6 7 12 8
24 15 10 9 10
15 28 10 9 10 26
15 32 10 9 10 26 26 26 26 33 26 26 33 26 26 33 26 26 33 26 26 33 26 26 33 26 26 33 26 26 33 26 26 33 26 26 33 26 26 33 26 26 33 26 26 33 26 26 33 26 26 33 26 26 33 26 26 33 26 26 33 26 26 27 33 26 26 27 33 26 26 27 33 26 26 27 33 26 26 27 33 26 26 27 33 26 26 27 33 26 26 27 33 26 26 27 33 26 26 27 33 26 26 27 33 26 26 27 33 26 26 27 33 26 26 27 33 26 26 27 33 26 26 27 33 26 26 27 33 26 26 27 33 26 26 27 33 26 26 27 33 26 26 27 33 26 26 27 33 26 26 27 33 26 26 27 33 26 26 27 33 26 26 27 33 26 26 27 33 26 26 27 33 26 26 27 33 26 26 27 33 26 26 27 33 26 26 27 33 26 26 27 33 26 26 27 33 26 26 27 33 26 26 27 33 26 26 26 26 26 26 26 26 26 26 26 26 26 26 27 33 26 26 27 33 26 26 27 33 26 26 27 33 26 26 27 33 26 26 27 33 26 26 33 26 26 33 26 26 33 26 26 33 26 26 33 26 26 33 26 26 33 26 26 33 26 26 33 26 26 33 26 26 33 26 26 33 26 26 33 26 26 33 26 26 33 26 26 33 26 26 33 26 26 33 26 26 26 26 26 26 26 26 26 26 26 26
15 24 10 9
15 32 10 9 10 26 26 26 26 33 26 26 33 26 26 33 26 26 27 33 26 26 27 33 26 26 27 33 26 26 27 33 26 26 27 33 26 26 27 33 26 26 26 26 27 33 26 26 33 26 26 33 26 26 26 26 33 26 26 26 26 33 26 26 33 26 26 27 33 26 26 27 33 26 26 27 33 26 26 27 33 26 26 27 33 26 26 27 33 26 26 26 26 27 33 26 26 33 26 26 33 26 26 33 26 26
31 15 10 9 10 26
15 35 10 9 10 26 33 26 33 26
15 28 10 9 10 26
25 15 10 9 10 26 27 27 27 27 27 27 27 27 27 27 27 27 27 27 27 27 27 27 27 27 27 27 27 27 27 27 27 27 27 27 27 27 27
15 29 10 9 10 26 33 33 26 33 26 33 26
24 15 10 9 10
25 15 10 9 10 26 27 27 27 27 27 27 27 27 27 27 27 27 27 27 27 27 27 27 27 27 27 27 27 27 27 27 27 27 27 27 27 27 27
25 15 10 9 10 26 27 27 27 27 27 27 27 27 27 27 27 27 27 27 27 27 27 27 27 27 27 27 27 27 27 27 27 27 27 27 27 27 27
15 25 10 9 10 26 27 27 27 27 27 27 27 27 27 27 27 27 27 27 27 27 27 27 27 27 27 27 27 27 27 27 27 27 27 27 27 27 27
15 28 10 9 10 26
15 36 10 9 10 26 26 33 26 37 37
15 24 10 9 10
25 15 10 9 10 26 27 27 27 27 27 27 27 27 27 27 27 27 27 27 27 27 27 27 27 27 27 27 27 27 27 27 27 27 27 27 27 27 27
24 15 10 9 10
15 28 10 9 10 26
15 25 10 9 10 26 27 27 27 27 27 27 27 27 27 27 27 27 27 27 27 27 27 27 27 27 27 27 27 27 27 27 27 27 27 27 27 27 27
15 25 10 9 10 26 27 27 27 27 27 27 27 27 27 27 27 27 27 27 27 27 27 27 27 27 27 27 27 27 27 27 27 27 27 27 27 27 27
15 25 10 9 10 26 27 27 27 27 27 27 27 27 27 27 27 27 27 27 27 27 27 27 27 27 27 27 27 27 27 27 27 27 27 27 27 27 27
15 25 10 9 10 26 27 27 27 27 27 27 27 27 27 27 27 27 27 27 27 27 27 27 27 27 27 27 27 27 27 27 27 27 27 27 27 27 27
15 28 10 9 10 26
15 29 10 9 10 26 33 26 33 26
25 15 10 9 10 26 27 27 27 27 27 27 27 27 27 27 27 27 27 27 27 27 27 27 27 27 27 27 27 27 27 27 27 27 27 27 27 27 27
28 15 10 9 10 26
36 15 10 9 10 26 26 33 26 37 37
15 36 10 9 10 26 26 33 26 37 37
15 25 10 9 10 26 27 27 27 27 27 27 27 27 27 27 27 27 27 27 27 27 27 27 27 27 27 27 27 27 27 27 27 27 27 27 27 27 27
24 15 10 9 10
38 15 10 9 10 26
15 24 10 9 10
25 15 10 9 10 26 27 27 27 27 27 27 27 27 27 27 27 27 27 27 27 27 27 27 27 27 27 27 27 27 27 27 27 27 27 27 27 27 27
15 24 10 9 10
15 29 10 9 10 26 33 26 33 26 26
36 15 10 9 10 26 26 33 26 37 37
15 25 10 9 10 26 27 27 27 27 27 27 27 27 27 27 27 27 27 27 27 27 27 27 27 27 27 27 27 27 27 27 27 27 27 27 27 27 27
11 6 7 4 5 8 9 6 7 12 8
28 15 10 9 10 26
11 4 6 7 5 8 9 6 7 12 8
15 36 10 9 10 26 26 33 26 37 37
11 4 6 7 5 8 9 6 7 12 8
29 15 10 9 10 26 33 26 33 26
15 28 10 9 10 26
15 29 10 9 10 26 33 26 33 26
15 25 10 9 10 26 27 27 27 27 27 27 27 27 27 27 27 27 27 27 27 27 27 27 27 27 27 27 27 27 27 27 27 27 27 27 27 27 27
15 25 10 9 10 26 27 27 27 27 27 27 27 27 27 27 27 27 27 27 27 27 27 27 27 27 27 27 27 27 27 27 27 27 27 27 27 27 27
11 6 7 4 5 8 9 6 7 12 8
25 15 10 9 10 26 27 27 27 27 27 27 27 27 27 27 27 27 27 27 27 27 27 27 27 27 27 27 27 27 27 27 27 27 27 27 27 27 27
11 4 6 7 5 8 9 6 7 12 8
25 15 10 9 10 26 27 27 27 27 27 27 27 27 27 27 27 27 27 27 27 27 27 27 27 27 27 27 27 27 27 27 27 27 27 27 27 27 27
11 4 6 7 5 8 9 6 7 12 8
2
38 15 10 9 10 26
15 35 10 9 10 26 33 26 33 26 26 26
24 15 10 9 10
15 35 10 9 10 26 33 26 33 26 26 26 26 26 26 26 26 26 26
15 25 10 9 10 26 27 27 27 27 27 27 27 27 27 27 27 27 27 27 27 27 27 27 27 27 27 27 27 27 27 27 27 27 27 27 27 27 27
31 15 10 9 10 26
15 29 10 9 10 26 33 26 33 26 26
25 15 10 9 10 26 27 27 27 27 27 27 27 27 27 27 27 27 27 27 27 27 27 27 27 27 27 27 27 27 27 27 27 27 27 27 27 27 27
15 29 10 9 10 26 33 26 33 26
25 15 10 9 10 26 27 27 27 27 27 27 27 27 27 27 27 27 27 27 27 27 27 27 27 27 27 27 27 27 27 27 27 27 27 27 27 27 27
15 36 10 9 10 26 26 33 26 37 37
32 15 10 9 10 26 26 26 26 33 26 26 33 26 26 33 26 26 33 26 26 33 26 26 33 26 26 33 26 26 33 26 26 33 26 26 27 33 26 26 27 33 26 26 27 33 26 26 27 33 26 26 27 33 26 26 27 33 26 26 27 33 26 26 27 33 26 26 27 33 26 26 27 33 26 26 27 33 26 26 27 33 26 26 27 33 26 26 27 33 26 26 27 33 26 26 27 33 26 26 27 33 26 26 27 33 26 26 26 26 26 26 26 26 27 33 26 26 27 33 26 26 27 33 26 26 33 26 26 33 26 26 33 26 26 33 26 26 33 26 26 33 26 26 33 26 26 33 26 26 33 26 26 26 26 26 26
11 4 6 7 5 8 9 6 7 12 8
25 15 10 9 10 26 27 27 27 27 27 27 27 27 27 27 27 27 27 27 27 27 27 27 27 27 27 27 27 27 27 27 27 27 27 27 27 27 27
25 15 10 9 10 26 27 27 27 27 27 27 27 27 27 27 27 27 27 27 27 27 27 27 27 27 27 27 27 27 27 27 27 27 27 27 27 27 27
11 4 6 7 5 8 9 6 7 12 8
28 15 10 9 10 26
11 4 6 7 5 8 9 6 7 12 8
11 4 5 6 7 8 9 6 7 12 8
25 15 10 9 10 26 27 27 27 27 27 27 27 27 27 27 27 27 27 27 27 27 27 27 27 27 27 27 27 27 27 27 27 27 27 27 27 27 27
29 15 10 9 10 26 33 26 33 26
15 34 10 9 10 26 33 26
15 28 10 9 10 26
15 24 10 9 10
25 15 10 9 10 26 27 27 27 27 27 27 27 27 27 27 27 27 27 27 27 27 27 27 27 27 27 27 27 27 27 27 27 27 27 27 27 27 27
29 15 10 9 10 26 33 26 33 26
24 15 10 9 10
15 25 10 9 10 26 27 27 27 27 27 27 27 27 27 27 27 27 27 27 27 27 27 27 27 27 27 27 27 27 27 27 27 27 27 27 27 27 27
29 15 10 9 10 26 33 33 26 33 26 33 26
25 15 10 9 10 26 27 27 27 27 27 27 27 27 27 27 27 27 27 27 27 27 27 27 27 27 27 27 27 27 27 27 27 27 27 27 27 27 27
15 25 10 9 10 26 27 27 27 27 27 27 27 27 27 27 27 27 27 27 27 27 27 27 27 27 27 27 27 27 27 27 27 27 27 27 27 27 27
39 15 10 9 10 26 26
15 36 10 9 10 26 26 33 26 37 37
15 25 10 9 10 26 27 27 27 27 27 27 27 27 27 27 27 27 27 27 27 27 27 27 27 27 27 27 27 27 27 27 27 27 27 27 27 27 27
29 15 10 9 10 26 33 26 33 26
11 4 6 7 5 8 9 6 7 12 8
15 28 10 9 10 26
15 25 10 9 10 26 27 27 27 27 27 27 27 27 27 27 27 27 27 27 27 27 27 27 27 27 27 27 27 27 27 27 27 27 27 27 27 27 27
15 25 10 9 10 26 27 27 27 27 27 27 27 27 27 27 27 27 27 27 27 27 27 27 27 27 27 27 27 27 27 27 27 27 27 27 27 27 27
15 24 10 9 10
28 15 10 9 10 26
28 15 10 9 10 26
15 39 10 9 10 26 26
36 15 10 9 10 26 26 33 26 37 37
32 15 10 9 10 26 26 26 26 33 26 26 33 26 26 33 26 26 33 26 26 33 26 26 33 26 26 33 26 26 33 26 26 33 26 26 27 33 26 26 27 33 26 26 27 33 26 26 27 33 26 26 27 33 26 26 26 26 27 33 26 26 27 33 26 26 26 26 27 33 26 26 27 33 26 26 26 26 27 33 26 26 27 33 26 26 27 33 26 26 27 33 26 26 27 33 26 26 26 26 26 26 26 26 26 26 27 33 26 26 27 33 26 26 26 26 26 26 33 26 26 33 26 26 33 26 26 33 26 26 33 26 26 33 26 26 33 26 26 33 26 26 26 26 26 26
15 25 10 9 10 26 27 27 27 27 27 27 27 27 27 27 27 27 27 27 27 27 27 27 27 27 27 27 27 27 27 27 27 27 27 27 27 27 27
25 15 10 9 10 26 27 27 27 27 27 27 27 27 27 27 27 27 27 27 27 27 27 27 27 27 27 27 27 27 27 27 27 27 27 27 27 27 27
15 28 10 9 10 26
11 4 6 7 5 8 9 6 7 12 8
15 24 10 9 10
24 15 10 9 10
11 4 6 7 5 8 9 6 7 12 8
15 25 10 9 10 26 27 27 27 27 27 27 27 27 27 27 27 27 27 27 27 27 27 27 27 27 27 27 27 27 27 27 27 27 27 27 27 27 27
15 24 10 9 10
11 4 6 7 5 8 9 6 7 12 8
15 28 10 9 10 26
15 25 10 9 10 26 27 27 27 27 27 27 27 27 27 27 27 27 27 27 27 27 27 27 27 27 27 27 27 27 27 27 27 27 27 27 27 27 27
15 35 10 9 10 26 33 26 33 26 26 26 26 26 26 26 26 26 26
15 29 10 9 10 26 33 26 33 26 26
1
15 29 10 9 10 26 33 26 33 26
15 28 10 9 10 26
25 15 10 9 10 26 27 27 27 27 27 27 27 27 27 27 27 27 27 27 27 27 27 27 27 27 27 27 27 27 27 27 27 27 27 27 27 27 27
24 15 10 9 10
15 29 10 9 10 26 33 26 33 26
32 15 10 9 10 26 26 26 26 33 26 26 33 26 26 33 26 26 33 26 26 33 26 26 33 26 26 33 26 26 33 26 26 33 26 26 27 33 26 26 27 33 26 26 27 33 26 26 27 33 26 26 27 33 26 26 27 33 26 26 27 33 26 26 27 33 26 26 27 33 26 26 27 33 26 26 27 33 26 26 27 33 26 26 27 33 26 26 27 33 26 26 27 33 26 26 27 33 26 26 27 33 26 26 27 33 26 26 26 26 26 26 26 26 26 26 26 26 26 26 26 26 26 26 33 26 26 33 26 26 33 26 26 33 26 26 33 26 26 33 26 26 33 26 26 26 26 26 26 26 26 33 26 26 26 26 26 26 33 26 26 33 26 26 33 26 26 33 26 26 33 26 26 33 26 26 27 33 26 26 27 33 26 26 27 33 26 26 27 33 26 26 27 33 26 26 27 33 26 26 27 33 26 26 27 33 26 26 27 33 26 26 27 33 26 26 27 33 26 26 27 33 26 26 27 33 26 26 27 33 26 26 27 33 26 26 27 33 26 26 27 33 26 26 27 33 26 26 26 26 26 26 26 26 27 33 26 26 27 33 26 26 27 33 26 26 33 26 26 26 26 33 26 26 33 26 26 33 26 26 33 26 26 33 26 26 33 26 26 33 26 26 26 26 26 26
25 15 10 9 10 26 27 27 27 27 27 27 27 27 27 27 27 27 27 27 27 27 27 27 27 27 27 27 27 27 27 27 27 27 27 27 27 27 27
29 15 10 9 10 26 33 26 33 26 26
15 28 10 9 10 26
15 28 10 9 10 26
25 15 10 9 10 26 27 27 27 27 27 27 27 27 27 27 27 27 27 27 27 27 27 27 27 27 27 27 27 27 27 27 27 27 27 27 27 27 27
15 25 10 9 10 26 27 27 27 27 27 27 27 27 27 27 27 27 27 27 27 27 27 27 27 27 27 27 27 27 27 27 27 27 27 27 27 27 27
15 28 10 9 10 26
11 4 5 6 7 8 9 6 7 12 8
15 24 10 9 10
11 4 6 7 5 8 9 6 7 12 8
11 4 6 7 5 8 9 6 7 12 8
31 15 10 9 10 26
24 15 10 9
15 28 10 9 10 26
11 4 6 7 5 8 9 6 7 12 8
15 25 10 9 10 26 27 27 27 27 27 27 27 27 27 27 27 27 27 27 27 27 27 27 27 27 27 27 27 27 27 27 27 27 27 27 27 27 27
36 15 10 9 10 26 26 33 26 37 37
25 15 10 9 10 26 27 27 27 27 27 27 27 27 27 27 27 27 27 27 27 27 27 27 27 27 27 27 27 27 27 27 27 27 27 27 27 27 27
15 29 10 9
36 15 10 9 10 26 26 33 26 37 37
24 15 10 9 10
15 24 10 9 10
15 25 10 9 10 26 27 27 27 27 27 27 27 27 27 27 27 27 27 27 27 27 27 27 27 27 27 27 27 27 27 27 27 27 27 27 27 27 27
36 15 10 9 10 26 26 33 26 37 37
15 25 10 9 10 26 27 27 27 27 27 27 27 27 27 27 27 27 27 27 27 27 27 27 27 27 27 27 27 27 27 27 27 27 27 27 27 27 27
25 15 10 9 10 26 27 27 27 27 27 27 27 27 27 27 27 27 27 27 27 27 27 27 27 27 27 27 27 27 27 27 27 27 27 27 27 27 27
11 4 6 7 5 8 9 6 7 12 8
15 28 10 9 10 26
15 28 10 9 10 26
29 15 10 9 10 26 33 33 33 33 33 33 33 33 33 33 33 33 33 33 33 33 33 33 33 33 33 33 33 33 33 33 33 33 33 33 33 33 33 33 33 33 33 33 33 33 33 33 33 33 33 33 33 33 33 33 33 33 33 33 33 33 33 33 33 33 33 33 33 33 33 33 33 33 33 33 33 33 33 33 33 33 33 33 33 33 33 33 33 33 33 33 33 33 33 33 33 33 33 33 33 33 33 33 33 33 33 33 33 33 33 33 33 33 33 33 33 33 33 33 33 33 33 33 33 33 33 33 33 33 33 33 33 33 33 33 33 33 33 33 33 33 33 33 33 33 33 33 33 33 33 33 33 33 33 33 33 33 33 33 33 33 33 33 33 33 33 33 33 33 33 33 33 33 33 33 33 33 33 33 33 33 33 33 33 33 33 33 33 33 33 33 33 33 33 33 33 33 33 33 33 33 33 33 33 33 33 33 33 33 33 33 33 33 33 33 33 33 33 33 33 33 33 33 33 33 33 33 33 33 33 33 33 33 33 33 33 33 33 33 33 33 33 33 33 33 33 33 33 33 33 33 33 33 33 33 33 33 33 33 33 33 33 33 33 33 33 33 33 33 33 33 33 33 33 33 26 33 26 26 33 26 26 26 33 26 33 26 33 26 33 26 33 26
36 15 10 9 10 26 26 33 26 37 37
15 28 10 9 10 26
29 15 10 9 10 26 33 26 26 33 26
24 15 10 9 10
15 24 10 9 10
11 6 7 4 5 8 9 6 7 12 8
15 25 10 9 10 26 27 27 27 27 27 27 27 27 27 27 27 27 27 27 27 27 27 27 27 27 27 27 27 27 27 27 27 27 27 27 27 27 27
15 25 10 9 10 26 27 27 27 27 27 27 27 27 27 27 27 27 27 27 27 27 27 27 27 27 27 27 27 27 27 27 27 27 27 27 27 27 27
15 28 10 9 10 26
25 15 10 9 10 26 27 27 27 27 27 27 27 27 27 27 27 27 27 27 27 27 27 27 27 27 27 27 27 27 27 27 27 27 27 27 27 27 27
16
24 15 10 9 10
28 15 10 9 10 26
15 36 10 9 10 26 26 33 26 37 37
11 4 6 7 5 8 9 6 7 12 8
15 25 10 9 10 26 27 27 27 27 27 27 27 27 27 27 27 27 27 27 27 27 27 27 27 27 27 27 27 27 27 27 27 27 27 27 27 27 27
15 39 10 9 10 26 26
25 15 10 9 10 26 27 27 27 27 27 27 27 27 27 27 27 27 27 27 27 27 27 27 27 27 27 27 27 27 27 27 27 27 27 27 27 27 27
15 25 10 9 10 26 27 27 27 27 27 27 27 27 27 27 27 27 27 27 27 27 27 27 27 27 27 27 27 27 27 27 27 27 27 27 27 27 27
15 28 10 9 10 26
15 29 10 9 10 26 33 26 33 26
15 29 10 9 10 26 33 26 33 26
29 15 10 9 10 26 33 26 33 26 26
24 15 10 9 10
11 4 6 7 5 8 9 6 7 12 8
29 15 10 9 10 26 33 26 33 26
15 25 10 9 10 26 27 27 27 27 27 27 27 27 27 27 27 27 27 27 27 27 27 27 27 27 27 27 27 27 27 27 27 27 27 27 27 27 27
15 25 10 9 10 26 27 27 27 27 27 27 27 27 27 27 27 27 27 27 27 27 27 27 27 27 27 27 27 27 27 27 27 27 27 27 27 27 27
11 4 6 7 5 8 9 6 7 12 8
11 4 6 7 5 8 9 6 7 12 8
11 4 6 7 5 8 9 6 7 12 8
28 15 10 9
15 25 10 9 10 26 27 27 27 27 27 27 27 27 27 27 27 27 27 27 27 27 27 27 27 27 27 27 27 27 27 27 27 27 27 27 27 27 27
11 6 7 4 5 8 9 6 7 12 8
15 31 10 9 10 26
25 15 10 9 10 26 27 27 27 27 27 27 27 27 27 27 27 27 27 27 27 27 27 27 27 27 27 27 27 27 27 27 27 27 27 27 27 27 27
15 29 10 9 10 26 33 26 33 26
25 15 10 9 10 26 27 27 27 27 27 27 27 27 27 27 27 27 27 27 27 27 27 27 27 27 27 27 27 27 27 27 27 27 27 27 27 27 27
15 31 10 9 10 26
15 25 10 9 10 26 27 27 27 27 27 27 27 27 27 27 27 27 27 27 27 27 27 27 27 27 27 27 27 27 27 27 27 27 27 27 27 27 27
15 29 10 9 10 26 33 26 33 26
15 36 10 9 10 26 26 33 26 37 37 33 26 37 37 33 26 37 37
28 15 10 9 10 26
24 15 10 9 10
28 15 10 9 10 26
36 15 10 9 10 26 26 33 26 37 37
15 39 10 9 10 26 26 26 26 26 26 26 26 26 26 26 26
15 28 10 9 10 26
15 28 10 9 10 26
25 15 10 9 10 26 27 27 27 27 27 27 27 27 27 27 27 27 27 27 27 27 27 27 27 27 27 27 27 27 27 27 27 27 27 27 27 27 27
15 28 10 9 10 26
39 15 10 9 10 26 26
15 28 10 9 10 26
15 25 10 9 10 26 27 27 27 27 27 27 27 27 27 27 27 27 27 27 27 27 27 27 27 27 27 27 27 27 27 27 27 27 27 27 27 27 27
11 4 6 7 5 8 9 6 7 12 8
25 15 10 9 10 26 27 27 27 27 27 27 27 27 27 27 27 27 27 27 27 27 27 27 27 27 27 27 27 27 27 27 27 27 27 27 27 27 27
25 15 10 9 10 26 27 27 27 27 27 27 27 27 27 27 27 27 27 27 27 27 27 27 27 27 27 27 27 27 27 27 27 27 27 27 27 27 27
15 29 10 9 10 26 33 26 33 26
28 15 10 9 10 26
28 15 10 9 10 26
25 15 10 9 10 26 27 27 27 27 27 27 27 27 27 27 27 27 27 27 27 27 27 27 27 27 27 27 27 27 27 27 27 27 27 27 27 27 27
15 36 10 9 10 26 26 33 26 37 37
15 29 10 9 10 26 33 26 33 26 26
39 15 10 9 10 26 26
15 29 10 9 10 26 33 26 33 26
32 15 10 9 10 26 26 26 26 33 26 26 33 26 26 33 26 26 33 26 26 33 26 26 33 26 26 33 26 26 33 26 26 33 26 26 27 33 26 26 27 33 26 26 27 33 26 26 27 33 26 26 27 33 26 26 27 33 26 26 27 33 26 26 27 33 26 26 27 33 26 26 27 33 26 26 27 33 26 26 27 33 26 26 27 33 26 26 27 33 26 26 27 33 26 26 27 33 26 26 27 33 26 26 27 33 26 26 26 26 26 26 26 26 27 33 26 26 27 33 26 26 27 33 26 26 33 26 26 33 26 26 33 26 26 33 26 26 33 26 26 33 26 26 33 26 26 33 26 26 33 26 26 26 26 26 26
11 4 5 6 7 8 9 12 6 7 8
15 32 10 9 10 26 26 26 26 26 26 33 26 26 33 26 26 27 33 26 26 27 33 26 26 27 33 26 26 27 33 26 26 27 33 26 26 27 33 26 26 26 26 27 33 26 26 33 26 26 33 26 26 33 26 26
15 32 10 9 10 26 26 26 26 33 26 26 33 26 26 33 26 26 33 26 26 33 26 26 33 26 26 27 33 26 26 27 33 26 26 27 33 26 26 27 33 26 26 27 33 26 26 27 33 26 26 27 33 26 26 27 33 26 26 27 33 26 26 27 33 26 26 27 33 26 26 27 33 26 26 26 26 26 26 27 33 26 26 27 33 26 26 33 26 26 33 26 26 33 26 26 33 26 26 33 26 26 33 26 26 26 26 26 26 26 26 26 26 33 26 26 33 26 26 33 26 26 33 26 26 27 33 26 26 27 33 26 26 27 33 26 26 27 33 26 26 27 33 26 26 27 33 26 26 27 33 26 26 27 33 26 26 27 33 26 26 27 33 26 26 27 33 26 26 27 33 26 26 26 26 26 26 26 26 26 26 33 26 26 26 26 33 26 26 33 26 26 33 26 26 33 26 26 26 26
15 31 10 9 10 26
15 25 10 9 10 26 27 27 27 27 27 27 27 27 27 27 27 27 27 27 27 27 27 27 27 27 27 27 27 27 27 27 27 27 27 27 27 27 27
15 35 10 9 10 26 33 26 33 26 26
15 25 10 9 10 26 27 27 27 27 27 27 27 27 27 27 27 27 27 27 27 27 27 27 27 27 27 27 27 27 27 27 27 27 27 27 27 27 27
15 25 10 9 10 26 27 27 27 27 27 27 27 27 27 27 27 27 27 27 27 27 27 27 27 27 27 27 27 27 27 27 27 27 27 27 27 27 27
15 24 10 9
15 25 10 9 10 26 27 27 27 27 27 27 27 27 27 27 27 27 27 27 27 27 27 27 27 27 27 27 27 27 27 27 27 27 27 27 27 27 27
25 15 10 9 10 26 27 27 27 27 27 27 27 27 27 27 27 27 27 27 27 27 27 27 27 27 27 27 27 27 27 27 27 27 27 27 27 27 27
35 15 10 9 10 26 33 33 33 33 33 33 33 33 33 33 33 33 33 33 33 33 33 26 33 26 26 26 26 26 26 26 26 26 26
11 4 6 7 5 8 9 6 7 12 8
38 15 10 9 10 26
11 4 6 7 5 8 9 6 7 12 8
25 15 10 9 10 26 27 27 27 27 27 27 27 27 27 27 27 27 27 27 27 27 27 27 27 27 27 27 27 27 27 27 27 27 27 27 27 27 27
25 15 10 9 10 26 27 27 27 27 27 27 27 27 27 27 27 27 27 27 27 27 27 27 27 27 27 27 27 27 27 27 27 27 27 27 27 27 27
15 28 10 9 10 26
15 28 10 9 10 26
35 15 10 9 10 26 33 26 33 26
15 28 10 9 10 26
15 25 10 9 10 26 27 27 27 27 27 27 27 27 27 27 27 27 27 27 27 27 27 27 27 27 27 27 27 27 27 27 27 27 27 27 27 27 27
25 15 10 9 10 26 27 27 27 27 27 27 27 27 27 27 27 27 27 27 27 27 27 27 27 27 27 27 27 27 27 27 27 27 27 27 27 27 27
24 15 10 9 10
31 15 10 9 10 26
15 28 10 9 10 26
15 25 10 9 10 26 27 27 27 27 27 27 27 27 27 27 27 27 27 27 27 27 27 27 27 27 27 27 27 27 27 27 27 27 27 27 27 27 27
25 15 10 9 10 26 27 27 27 27 27 27 27 27 27 27 27 27 27 27 27 27 27 27 27 27 27 27 27 27 27 27 27 27 27 27 27 27 27
2
15 32 10 9 10 26 26 26 26 33 26 26 33 26 26 33 26 26 27 33 26 26 27 33 26 26 27 33 26 26 27 33 26 26 27 33 26 26 27 33 26 26 26 26 27 33 26 26 26 26 33 26 26 33 26 26
15 25 10 9 10 26 27 27 27 27 27 27 27 27 27 27 27 27 27 27 27 27 27 27 27 27 27 27 27 27 27 27 27 27 27 27 27 27 27
15 25 10 9 10 26 27 27 27 27 27 27 27 27 27 27 27 27 27 27 27 27 27 27 27 27 27 27 27 27 27 27 27 27 27 27 27 27 27
15 24 10 9 10
15 24 10 9 10
25 15 10 9 10 26 27 27 27 27 27 27 27 27 27 27 27 27 27 27 27 27 27 27 27 27 27 27 27 27 27 27 27 27 27 27 27 27 27
29 15 10 9 10 26 33 26 33 26
25 15 10 9 10 26 27 27 27 27 27 27 27 27 27 27 27 27 27 27 27 27 27 27 27 27 27 27 27 27 27 27 27 27 27 27 27 27 27
15 29 10 9 10 26 33 26 33 26 26
11 4 6 7 5 8 9 6 7 12 8
25 15 10 9 10 26 27 27 27 27 27 27 27 27 27 27 27 27 27 27 27 27 27 27 27 27 27 27 27 27 27 27 27 27 27 27 27 27 27
24 15 10 9 10
11 4 6 7 5 8 9 6 7 12 8
15 28 10 9 10 26
24 15 10 9
15 38 10 9 10 26
15 28 10 9 10 26
15 31 10 9 10 26
25 15 10 9 10 26 27 27 27 27 27 27 27 27 27 27 27 27 27 27 27 27 27 27 27 27 27 27 27 27 27 27 27 27 27 27 27 27 27
15 31 10 9 10 26
25 15 10 9 10 26 27 27 27 27 27 27 27 27 27 27 27 27 27 27 27 27 27 27 27 27 27 27 27 27 27 27 27 27 27 27 27 27 27
36 15 10 9 10 26 26 33 26 37 37
24 15 10 9 10
25 15 10 9 10 26 27 27 27 27 27 27 27 27 27 27 27 27 27 27 27 27 27 27 27 27 27 27 27 27 27 27 27 27 27 27 27 27 27
24 15 10 9 10
15 36 10 9 10 26 26 33 26 37 37 33 26 37 37
25 15 10 9 10 26 27 27 27 27 27 27 27 27 27 27 27 27 27 27 27 27 27 27 27 27 27 27 27 27 27 27 27 27 27 27 27 27 27
29 15 10 9 10 26 33 26 33 26
15 28 10 9 10 26
15 24 10 9
15 28 10 9 10 26
28 15 10 9 10 26
34 15 10 9 10 26 33 26
24 15 10 9 10
24 15 10 9 10
25 15 10 9 10 26 27 27 27 27 27 27 27 27 27 27 27 27 27 27 27 27 27 27 27 27 27 27 27 27 27 27 27 27 27 27 27 27 27
29 15 10 9 10 26 33 33 33 33 33 33 33 33 33 33 33 33 33 33 33 33 33 33 33 33 33 33 33 33 33 33 33 33 33 33 33 33 33 33 33 33 33 33 33 33 33 33 33 33 33 33 33 33 33 33 33 33 33 33 33 33 33 33 33 33 33 33 33 33 33 33 33 33 33 33 33 33 33 33 33 33 33 33 33 33 33 33 33 33 33 33 33 33 33 33 33 33 33 33 33 33 33 33 33 33 33 33 33 33 33 33 33 33 33 33 33 33 33 33 33 33 33 33 33 33 33 33 33 33 33 33 33 33 33 33 33 33 33 33 33 33 33 33 33 33 33 33 33 33 33 33 33 33 33 33 33 33 33 33 33 33 33 33 33 33 33 33 33 33 33 33 33 33 33 33 33 33 33 33 33 33 33 33 33 33 33 33 33 33 33 33 33 33 33 33 33 33 33 33 33 33 33 33 33 33 33 33 33 33 33 33 33 33 33 33 33 33 33 33 33 33 33 33 33 33 33 33 33 33 33 33 33 33 33 33 33 33 33 33 33 33 33 33 33 33 33 33 33 33 33 33 33 33 33 33 33 33 33 33 33 33 33 33 33 33 33 33 33 33 33 33 33 33 33 33 33 33 33 33 26 26 33 26 33 26 26 33 26 33 26 33 26 26 33 26 26
15 24 10 9 10
36 15 10 9 10 26 26 33 26 37 37
15 28 10 9 10 26
24 15 10 9 10
15 24 10 9 10
25 15 10 9 10 26 27 27 27 27 27 27 27 27 27 27 27 27 27 27 27 27 27 27 27 27 27 27 27 27 27 27 27 27 27 27 27 27 27
15 29 10 9 10 26 33 26 33 26
11 4 6 7 5 8 9 6 7 12 8
15 25 10 9 10 26 27 27 27 27 27 27 27 27 27 27 27 27 27 27 27 27 27 27 27 27 27 27 27 27 27 27 27 27 27 27 27 27 27
24 15 10 9 10
15 25 10 9 10 26 27 27 27 27 27 27 27 27 27 27 27 27 27 27 27 27 27 27 27 27 27 27 27 27 27 27 27 27 27 27 27 27 27
11 4 6 7 5 8 9 6 7 12 8
15 28 10 9 10 26
24 15 10 9 10
15 28 10 9 10 26
15 25 10 9 10 26 27 27 27 27 27 27 27 27 27 27 27 27 27 27 27 27 27 27 27 27 27 27 27 27 27 27 27 27 27 27 27 27 27
24 15 10 9 10
25 15 10 9 10 26 27 27 27 27 27 27 27 27 27 27 27 27 27 27 27 27 27 27 27 27 27 27 27 27 27 27 27 27 27 27 27 27 27
11 4 6 7 5 8 9 6 7 12 8
15 10 42 9 10 26
15 24 10 9
15 28 10 9 10 26
28 15 10 9 10 26
24 15 10 9
11 4 6 7 5 8 9 6 7 12 8
15 28 10 9 10 26
15 36 10 9 10 26 26 33 26 37 37
25 15 10 9 10 26 27 27 27 27 27 27 27 27 27 27 27 27 27 27 27 27 27 27 27 27 27 27 27 27 27 27 27 27 27 27 27 27 27
24 15 10 9
15 31 10 9 10 26
24 15 10 9 10
36 15 10 9 10 26 26 33 26 37 37 33 26 37 37
28 15 10 9 10 26
25 15 10 9 10 26 27 27 27 27 27 27 27 27 27 27 27 27 27 27 27 27 27 27 27 27 27 27 27 27 27 27 27 27 27 27 27 27 27
11 4 6 7 5 8 9 6 7 12 8
24 15 10 9 10
15 24 10 9 10
15 28 10 9 10 26
29 15 10 9 10 26 33 26 33 26
15 25 10 9 10 26 27 27 27 27 27 27 27 27 27 27 27 27 27 27 27 27 27 27 27 27 27 27 27 27 27 27 27 27 27 27 27 27 27
15 29 10 9 10 26 33 26 33 26
15 25 10 9 10 26 27 27 27 27 27 27 27 27 27 27 27 27 27 27 27 27 27 27 27 27 27 27 27 27 27 27 27 27 27 27 27 27 27
15 25 10 9 10 26 27 27 27 27 27 27 27 27 27 27 27 27 27 27 27 27 27 27 27 27 27 27 27 27 27 27 27 27 27 27 27 27 27
11 4 6 7 5 8 9 6 7 12 8
15 25 10 9 10 26 27 27 27 27 27 27 27 27 27 27 27 27 27 27 27 27 27 27 27 27 27 27 27 27 27 27 27 27 27 27 27 27 27
15 28 10 9 10 26
15 25 10 9 10 26 27 27 27 27 27 27 27 27 27 27 27 27 27 27 27 27 27 27 27 27 27 27 27 27 27 27 27 27 27 27 27 27 27
11 4 6 7 5 8 9 6 7 12 8
15 32 10 9 10 26 26 26 26 33 26 26 33 26 26 33 26 26 27 33 26 26 27 33 26 26 27 33 26 26 27 33 26 26 27 33 26 26 27 33 26 26 26 26 27 33 26 26 26 26 33 26 26 33 26 26
15 25 10 9 10 26 27 27 27 27 27 27 27 27 27 27 27 27 27 27 27 27 27 27 27 27 27 27 27 27 27 27 27 27 27 27 27 27 27
15 29 10 9 10 26 33 26 33 26
25 15 10 9 10 26 27 27 27 27 27 27 27 27 27 27 27 27 27 27 27 27 27 27 27 27 27 27 27 27 27 27 27 27 27 27 27 27 27
15 25 10 9 10 26 27 27 27 27 27 27 27 27 27 27 27 27 27 27 27 27 27 27 27 27 27 27 27 27 27 27 27 27 27 27 27 27 27
15 38 10 9 10 26
28 15 10 9 10 26
15 25 10 9 10 26 27 27 27 27 27 27 27 27 27 27 27 27 27 27 27 27 27 27 27 27 27 27 27 27 27 27 27 27 27 27 27 27 27
15 24 10 9 10
25 15 10 9 10 26 27 27 27 27 27 27 27 27 27 27 27 27 27 27 27 27 27 27 27 27 27 27 27 27 27 27 27 27 27 27 27 27 27
29 15 10 9 10 26 33 26 33 26
29 15 10 9 10 26 33 26 33 26
25 15 10 9 10 26 27 27 27 27 27 27 27 27 27 27 27 27 27 27 27 27 27 27 27 27 27 27 27 27 27 27 27 27 27 27 27 27 27
15 25 10 9 10 26 27 27 27 27 27 27 27 27 27 27 27 27 27 27 27 27 27 27 27 27 27 27 27 27 27 27 27 27 27 27 27 27 27
25 15 10 9
15 36 10 9 10 26 26 33 26 37 37
15 24 10 9 10
29 15 10 9 10 26 33 26 33 26
25 15 10 9 10 26 27 27 27 27 27 27 27 27 27 27 27 27 27 27 27 27 27 27 27 27 27 27 27 27 27 27 27 27 27 27 27 27 27
15 25 10 9 10 26 27 27 27 27 27 27 27 27 27 27 27 27 27 27 27 27 27 27 27 27 27 27 27 27 27 27 27 27 27 27 27 27 27
15 31 10 9 10 26
15 25 10 9 10 26 27 27 27 27 27 27 27 27 27 27 27 27 27 27 27 27 27 27 27 27 27 27 27 27 27 27 27 27 27 27 27 27 27
15 29 10 9 10 26 33 26 33 26
17
28 15 10 9 10 26
28 15 10 9 10 26
15 25 10 9 10 26 27 27 27 27 27 27 27 27 27 27 27 27 27 27 27 27 27 27 27 27 27 27 27 27 27 27 27 27 27 27 27 27 27
25 15 10 9 10 26 27 27 27 27 27 27 27 27 27 27 27 27 27 27 27 27 27 27 27 27 27 27 27 27 27 27 27 27 27 27 27 27 27
15 29 10 9 10 26 33 26 33 26
28 15 10 9 10 26
11 4 6 7 5 8 9 6 7 12 8
15 29 10 9 10 26 33 26 33 26 26
15 28 10 9 10 26
29 15 10 9 10 26 33 26 33 26 26
24 15 10 9 10
15 31 10 9 10 26
24 15 10 9 10
36 15 10 9 10 26 26 33 26 37 37
15 25 10 9 10 26 27 27 27 27 27 27 27 27 27 27 27 27 27 27 27 27 27 27 27 27 27 27 27 27 27 27 27 27 27 27 27 27 27
15 24 10 9 10
15 25 10 9 10 26 27 27 27 27 27 27 27 27 27 27 27 27 27 27 27 27 27 27 27 27 27 27 27 27 27 27 27 27 27 27 27 27 27
15 25 10 9 10 26 27 27 27 27 27 27 27 27 27 27 27 27 27 27 27 27 27 27 27 27 27 27 27 27 27 27 27 27 27 27 27 27 27
24 15 10 9 10
24 15 10 9 10
11 4 6 5 7 8 9 6 7 12 8
25 15 10 9 10 26 27 27 27 27 27 27 27 27 27 27 27 27 27 27 27 27 27 27 27 27 27 27 27 27 27 27 27 27 27 27 27 27 27
15 29 10 9 10 26 33 33 33 33 33 33 33 33 33 33 33 33 33 33 33 33 33 33 33 33 33 33 33 33 33 33 33 33 26 33 26 33 26 33 26 33 26 33 26 33 26 33 26 33 26 33 26 33 26
29 15 10 9 10 26 33 26 33 26
25 15 10 9 10 26 27 27 27 27 27 27 27 27 27 27 27 27 27 27 27 27 27 27 27 27 27 27 27 27 27 27 27 27 27 27 27 27 27
15 24 10 9 10
25 15 10 9 10 26 27 27 27 27 27 27 27 27 27 27 27 27 27 27 27 27 27 27 27 27 27 27 27 27 27 27 27 27 27 27 27 27 27
15 39 10 9 10 26 26
11 4 6 7 5 8 9 6 7 12 8
28 15 10 9 10 26
15 25 10 9 10 26 27 27 27 27 27 27 27 27 27 27 27 27 27 27 27 27 27 27 27 27 27 27 27 27 27 27 27 27 27 27 27 27 27
15 25 10 9 10 26 27 27 27 27 27 27 27 27 27 27 27 27 27 27 27 27 27 27 27 27 27 27 27 27 27 27 27 27 27 27 27 27 27
29 15 10 9 10 26 33 33 33 26 33 26 26 33 26 26 33 26
15 28 10 9 10 26
15 25 10 9 10 26 27 27 27 27 27 27 27 27 27 27 27 27 27 27 27 27 27 27 27 27 27 27 27 27 27 27 27 27 27 27 27 27 27
15 35 10 9 10 26 33 26 33 26 26 26 26 26 26 26
15 31 10 9 10 26
15 29 10 9 10 26 33 26 33 26
15 25 10 9 10 26 27 27 27 27 27 27 27 27 27 27 27 27 27 27 27 27 27 27 27 27 27 27 27 27 27 27 27 27 27 27 27 27 27
11 4 6 5 7 8 9 6 7 12 8
22
15 25 10 9 10 26 27 27 27 27 27 27 27 27 27 27 27 27 27 27 27 27 27 27 27 27 27 27 27 27 27 27 27 27 27 27 27 27 27
25 15 10 9 10 26 27 27 27 27 27 27 27 27 27 27 27 27 27 27 27 27 27 27 27 27 27 27 27 27 27 27 27 27 27 27 27 27 27
15 29 10 9 10 26 33 26 33 26
24 15 10 9 10
4
2
25 15 10 9 10 26 27 27 27 27 27 27 27 27 27 27 27 27 27 27 27 27 27 27 27 27 27 27 27 27 27 27 27 27 27 27 27 27 27
28 15 10 9 10 26
15 29 10 9 10 26 33 26 33 26 26
25 15 10 9 10 26 27 27 27 27 27 27 27 27 27 27 27 27 27 27 27 27 27 27 27 27 27 27 27 27 27 27 27 27 27 27 27 27 27
35 15 10 9 10 26 33 26 33 26 26 26 26 26 26
24 15 10 9 10
25 15 10 9 10 26 27 27 27 27 27 27 27 27 27 27 27 27 27 27 27 27 27 27 27 27 27 27 27 27 27 27 27 27 27 27 27 27 27
25 15 10 9 10 26 27 27 27 27 27 27 27 27 27 27 27 27 27 27 27 27 27 27 27 27 27 27 27 27 27 27 27 27 27 27 27 27 27
15 25 10 9 10 26 27 27 27 27 27 27 27 27 27 27 27 27 27 27 27 27 27 27 27 27 27 27 27 27 27 27 27 27 27 27 27 27 27
15 31 10 9 10 26
15 25 10 9 10 26 27 27 27 27 27 27 27 27 27 27 27 27 27 27 27 27 27 27 27 27 27 27 27 27 27 27 27 27 27 27 27 27 27
25 15 10 9 10 26 27 27 27 27 27 27 27 27 27 27 27 27 27 27 27 27 27 27 27 27 27 27 27 27 27 27 27 27 27 27 27 27 27
11 4 6 7 5 8 9 6 7 12 8
29 15 10 9 10 26 33 26 33 26
15 24 10 9 10
13 14 15 10
15 29 10 9 10 26 33 26 33 26
28 15 10 9 10 26
25 15 10 9 10 26 27 27 27 27 27 27 27 27 27 27 27 27 27 27 27 27 27 27 27 27 27 27 27 27 27 27 27 27 27 27 27 27 27
11 4 6 7 5 8 9 6 7 12 8
15 25 10 9 10 26 27 27 27 27 27 27 27 27 27 27 27 27 27 27 27 27 27 27 27 27 27 27 27 27 27 27 27 27 27 27 27 27 27
39 15 10 9 10 26 26
36 15 10 9 10 26 26 33 26 37 37
15 24 10 9 10
15 24 10 9
15 29 10 9 10 26 33 26 33 26
11 4 6 7 5 8 9 6 7 12 8
11 4 6 7 5 8 9 6 7 12 8
29 15 10 9 10 26 33 26 33 26
15 25 10 9 10 26 27 27 27 27 27 27 27 27 27 27 27 27 27 27 27 27 27 27 27 27 27 27 27 27 27 27 27 27 27 27 27 27 27
25 15 10 9 10 26 27 27 27 27 27 27 27 27 27 27 27 27 27 27 27 27 27 27 27 27 27 27 27 27 27 27 27 27 27 27 27 27 27
15 28 10 9 10 26
25 15 10 9 10 26 27 27 27 27 27 27 27 27 27 27 27 27 27 27 27 27 27 27 27 27 27 27 27 27 27 27 27 27 27 27 27 27 27
28 15 10 9 10 26
15 25 10 9 10 26 27 27 27 27 27 27 27 27 27 27 27 27 27 27 27 27 27 27 27 27 27 27 27 27 27 27 27 27 27 27 27 27 27
15 28 10 9 10 26
15 36 10 9 10 26 26 33 26 37 37
31 15 10 9 10 26
28 15 10 9 10 26
15 36 10 9 10 26 26 33 26 37 37
11 4 6 7 5 8 9 6 7 12 8
36 15 10 9 10 26 26 33 26 37 37
25 15 10 9 10 26 27 27 27 27 27 27 27 27 27 27 27 27 27 27 27 27 27 27 27 27 27 27 27 27 27 27 27 27 27 27 27 27 27
2
15 25 10 9 10 26 27 27 27 27 27 27 27 27 27 27 27 27 27 27 27 27 27 27 27 27 27 27 27 27 27 27 27 27 27 27 27 27 27
11 4 6 7 5 8 9 6 7 12 8
15 25 10 9 10 26 27 27 27 27 27 27 27 27 27 27 27 27 27 27 27 27 27 27 27 27 27 27 27 27 27 27 27 27 27 27 27 27 27
24 15 10 9 10
15 28 10 9 10 26
25 15 10 9 10 26 27 27 27 27 27 27 27 27 27 27 27 27 27 27 27 27 27 27 27 27 27 27 27 27 27 27 27 27 27 27 27 27 27
15 31 10 9 10 26
32 15 10 9 10 26 26 26 26 26 26 26 26 26 26 33 26 26 33 26 26 33 26 26 33 26 26 33 26 26 33 26 26 27 33 26 26 26 26 27 33 26 26 27 33 26 26 26 26 27 33 26 26 27 33 26 26 26 26 27 33 26 26 27 33 26 26 27 33 26 26 27 33 26 26 27 33 26 26 27 33 26 26 27 33 26 26 27 33 26 26 27 33 26 26 27 33 26 26 26 26 26 26 26 26 27 33 26 26 27 33 26 26 27 33 26 26 33 26 26 26 26 33 26 26 33 26 26 33 26 26 33 26 26 33 26 26 33 26 26 33 26 26 26 26 26 26
11 4 6 7 5 8 9 6 7 12 8
15 25 10 9 10 26 27 27 27 27 27 27 27 27 27 27 27 27 27 27 27 27 27 27 27 27 27 27 27 27 27 27 27 27 27 27 27 27 27
11 4 6 7 5 8 9 6 7 12 8
11 4 6 7 5 8 9 6 7 12 8
31 15 10 9 10 26
24 15 10 9
36 15 10 9 10 26 26 33 26 37 37 33 26 37 37
25 15 10 9 10 26 27 27 27 27 27 27 27 27 27 27 27 27 27 27 27 27 27 27 27 27 27 27 27 27 27 27 27 27 27 27 27 27 27
25 15 10 9 10 26 27 27 27 27 27 27 27 27 27 27 27 27 27 27 27 27 27 27 27 27 27 27 27 27 27 27 27 27 27 27 27 27 27
15 29 10 9 10 26 33 26 33 26
24 15 10 9 10
35 15 10 9 10 26 33 33 33 33 26 33 26 26 26 26 26 26 26 26 26 26
15 24 10 9 10
11 4 6 7 5 8 9 6 7 12 8
1
11 4 6 7 5 8 9 6 7 12 8
15 28 10 9 10 26
24 15 10 9 10
15 25 10 9 10 26 27 27 27 27 27 27 27 27 27 27 27 27 27 27 27 27 27 27 27 27 27 27 27 27 27 27 27 27 27 27 27 27 27
24 15 10 9 10
15 25 10 9 10 26 27 27 27 27 27 27 27 27 27 27 27 27 27 27 27 27 27 27 27 27 27 27 27 27 27 27 27 27 27 27 27 27 27
24 15 10 9
15 29 10 9 10 26 33 26 33 26
11 4 6 7 5 8 9 6 7 12 8
28 15 10 9 10 26
15 36 10 9 10 26 26 33 26 37 37
15 25 10 9 10 26 27 27 27 27 27 27 27 27 27 27 27 27 27 27 27 27 27 27 27 27 27 27 27 27 27 27 27 27 27 27 27 27 27
11 4 6 7 5 8 9 6 7 12 8
15 28 10 9 10 26
25 15 10 9 10 26 27 27 27 27 27 27 27 27 27 27 27 27 27 27 27 27 27 27 27 27 27 27 27 27 27 27 27 27 27 27 27 27 27
11 4 6 7 5 8 9 6 7 12 8
25 15 10 9 10 26 27 27 27 27 27 27 27 27 27 27 27 27 27 27 27 27 27 27 27 27 27 27 27 27 27 27 27 27 27 27 27 27 27
15 25 10 9 10 26 27 27 27 27 27 27 27 27 27 27 27 27 27 27 27 27 27 27 27 27 27 27 27 27 27 27 27 27 27 27 27 27 27
11 4 6 7 5 8 9 6 7 12 8
28 15 10 9 10 26
31 15 10 9 10 26
11 4 6 7 5 8 9 6 7 12 8
25 15 10 9 10 26 27 27 27 27 27 27 27 27 27 27 27 27 27 27 27 27 27 27 27 27 27 27 27 27 27 27 27 27 27 27 27 27 27
15 38 10 9 10 26
15 28 10 9 10 26
25 15 10 9 10 26 27 27 27 27 27 27 27 27 27 27 27 27 27 27 27 27 27 27 27 27 27 27 27 27 27 27 27 27 27 27 27 27 27
11 4 6 7 5 8 9 6 7 12 8
15 28 10 9 10 26
24 15 10 9 10
15 31 10 9 10 26
28 15 10 9 10 26
24 15 10 9 10
15 31 10 9 10 26
25 15 10 9 10 26 27 27 27 27 27 27 27 27 27 27 27 27 27 27 27 27 27 27 27 27 27 27 27 27 27 27 27 27 27 27 27 27 27
28 15 10 9 10 26
15 24 10 9
29 15 10 9 10 26 33 26 26
15 25 10 9 10 26 27 27 27 27 27 27 27 27 27 27 27 27 27 27 27 27 27 27 27 27 27 27 27 27 27 27 27 27 27 27 27 27 27
11 4 6 7 5 8 9 6 7 12 8
15 25 10 9 10 26 27 27 27 27 27 27 27 27 27 27 27 27 27 27 27 27 27 27 27 27 27 27 27 27 27 27 27 27 27 27 27 27 27
15 25 10 9 10 26 27 27 27 27 27 27 27 27 27 27 27 27 27 27 27 27 27 27 27 27 27 27 27 27 27 27 27 27 27 27 27 27 27
15 24 10 9 10
15 29 10 9 10 26 33 26 33 26
24 15 10 9
11 4 6 7 5 8 9 6 7 12 8
36 15 10 9 10 26 26 33 26 37 37
15 24 10 9
11 4 6 7 5 8 9 6 7 12 8
15 24 10 9 10
15 25 10 9 10 26 27 27 27 27 27 27 27 27 27 27 27 27 27 27 27 27 27 27 27 27 27 27 27 27 27 27 27 27 27 27 27 27 27
15 29 10 9 10 26 33 26 33 26
15 25 10 9 10 26 27 27 27 27 27 27 27 27 27 27 27 27 27 27 27 27 27 27 27 27 27 27 27 27 27 27 27 27 27 27 27 27 27
15 25 10 9 10 26 27 27 27 27 27 27 27 27 27 27 27 27 27 27 27 27 27 27 27 27 27 27 27 27 27 27 27 27 27 27 27 27 27
15 25 10 9 10 26 27 27 27 27 27 27 27 27 27 27 27 27 27 27 27 27 27 27 27 27 27 27 27 27 27 27 27 27 27 27 27 27 27
4 6 7 5 8 6 7 12 8
15 31 10 9 10 26
15 24 10 9 10
15 24 10 9 10
4
11 4 6 7 5 8 9 6 7 12 8
15 25 10 9 10 26 27 27 27 27 27 27 27 27 27 27 27 27 27 27 27 27 27 27 27 27 27 27 27 27 27 27 27 27 27 27 27 27 27
15 29 10 9 10 26 33 26 33 26 26
31 15 10 9 10 26
25 15 10 9 10 26 27 27 27 27 27 27 27 27 27 27 27 27 27 27 27 27 27 27 27 27 27 27 27 27 27 27 27 27 27 27 27 27 27
15 32 10 9 10 26 26 26 26 33 26 26 33 26 26 33 26 26 27 33 26 26 27 33 26 26 27 33 26 26 27 33 26 26 27 33 26 26 27 33 26 26 26 26 27 33 26 26 33 26 26 33 26 26 33 26 26
11 4 6 7 5 8 9 6 12 7 8
15 38 10 9 10 26
15 25 10 9 10 26 27 27 27 27 27 27 27 27 27 27 27 27 27 27 27 27 27 27 27 27 27 27 27 27 27 27 27 27 27 27 27 27 27
11 4 6 7 5 8 9 6 7 12 8
15 25 10 9 10 26 27 27 27 27 27 27 27 27 27 27 27 27 27 27 27 27 27 27 27 27 27 27 27 27 27 27 27 27 27 27 27 27 27
36 15 10 9 10 26 26 33 26 37 37
15 29 10 9 10 26 33 26 33 26 26
15 41 10 9 10 27 33
15 25 10 9 10 26 27 27 27 27 27 27 27 27 27 27 27 27 27 27 27 27 27 27 27 27 27 27 27 27 27 27 27 27 27 27 27 27 27
15 36 10 9 10 26 26 33 26 37 37
15 25 10 9 10 26 27 27 27 27 27 27 27 27 27 27 27 27 27 27 27 27 27 27 27 27 27 27 27 27 27 27 27 27 27 27 27 27 27
25 15 10 9 10 26 27 27 27 27 27 27 27 27 27 27 27 27 27 27 27 27 27 27 27 27 27 27 27 27 27 27 27 27 27 27 27 27 27
28 15 10 9 10 26
25 15 10 9 10 26 27 27 27 27 27 27 27 27 27 27 27 27 27 27 27 27 27 27 27 27 27 27 27 27 27 27 27 27 27 27 27 27 27
25 15 10 9 10 26 27 27 27 27 27 27 27 27 27 27 27 27 27 27 27 27 27 27 27 27 27 27 27 27 27 27 27 27 27 27 27 27 27
24 15 10 9 10
29 15 10 9 10 26 33 26 33 26
29 15 10 9 10 26 33 26 33 26
31 15 10 9 10 26
15 31 10 9 10 26
28 15 10 9 10 26
31 15 10 9 10 26
25 15 10 9
15 25 10 9 10 26 27 27 27 27 27 27 27 27 27 27 27 27 27 27 27 27 27 27 27 27 27 27 27 27 27 27 27 27 27 27 27 27 27
15 25 10 9 10 26 27 27 27 27 27 27 27 27 27 27 27 27 27 27 27 27 27 27 27 27 27 27 27 27 27 27 27 27 27 27 27 27 27
25 15 10 9 10 26 27 27 27 27 27 27 27 27 27 27 27 27 27 27 27 27 27 27 27 27 27 27 27 27 27 27 27 27 27 27 27 27 27
15 25 10 9 10 26 27 27 27 27 27 27 27 27 27 27 27 27 27 27 27 27 27 27 27 27 27 27 27 27 27 27 27 27 27 27 27 27 27
28 15 10 9 10 26
24 15 10 9 10
11 6 7 4 5 8 9 6 7 12 8
11 4 6 7 5 8 9 6 7 12 8
29 15 10 9 10 26 33 26 33 26
15 28 10 9 10 26
15 10 25 9 10 26 27 27 27 27 27 27 27 27 27 27 27 27 27 27 27 27 27 27 27 27 27 27 27 27 27 27 27 27 27 27 27 27 27
11 4 6 7 5 8 9 6 7 12 8
11 4 6 7 5 8 9 6 12 7 8
25 15 10 9 10 26 27 27 27 27 27 27 27 27 27 27 27 27 27 27 27 27 27 27 27 27 27 27 27 27 27 27 27 27 27 27 27 27 27
15 38 10 9 10 26
25 15 10 9 10 26 27 27 27 27 27 27 27 27 27 27 27 27 27 27 27 27 27 27 27 27 27 27 27 27 27 27 27 27 27 27 27 27 27
20
11 4 6 7 5 8 9 6 7 12 8
25 15 10 9 10 26 27 27 27 27 27 27 27 27 27 27 27 27 27 27 27 27 27 27 27 27 27 27 27 27 27 27 27 27 27 27 27 27 27
15 28 10 9 10 26
28 15 10 9 10 26
24 15 10 9 10
25 15 10 9 10 26 27 27 27 27 27 27 27 27 27 27 27 27 27 27 27 27 27 27 27 27 27 27 27 27 27 27 27 27 27 27 27 27 27
35 15 10 9 10 26 33 26 33 26
15 36 10 9 10
25 15 10 9 10 26 27 27 27 27 27 27 27 27 27 27 27 27 27 27 27 27 27 27 27 27 27 27 27 27 27 27 27 27 27 27 27 27 27
24 15 10 9 10
15 25 10 9 10 26 27 27 27 27 27 27 27 27 27 27 27 27 27 27 27 27 27 27 27 27 27 27 27 27 27 27 27 27 27 27 27 27 27
15 25 10 9 10 26 27 27 27 27 27 27 27 27 27 27 27 27 27 27 27 27 27 27 27 27 27 27 27 27 27 27 27 27 27 27 27 27 27
15 31 10 9 10 26
15 25 10 9 10 26 27 27 27 27 27 27 27 27 27 27 27 27 27 27 27 27 27 27 27 27 27 27 27 27 27 27 27 27 27 27 27 27 27
15 36 10 9 10 26 26 33 26 37 37
24 15 10 9
11 4 6 7 5 8 9 6 7 12 8
31 15 10 9 10 26
15 31 10 9 10 26
15 25 10 9 10 26 27 27 27 27 27 27 27 27 27 27 27 27 27 27 27 27 27 27 27 27 27 27 27 27 27 27 27 27 27 27 27 27 27
25 15 10 9 10 26 27 27 27 27 27 27 27 27 27 27 27 27 27 27 27 27 27 27 27 27 27 27 27 27 27 27 27 27 27 27 27 27 27
24 15 10 9 10
32 15 10 9 10 26 26 26 26 33 26 26 33 26 26 33 26 26 27 33 26 26 27 33 26 26 27 33 26 26 27 33 26 26 27 33 26 26 27 33 26 26 26 26 27 33 26 26 26 26 33 26 26 33 26 26
15 36 10 9 10 26 26 33 26 37 37
15 36 10 9 10 26 26 33 26 37 37
15 24 10 9 10
25 15 10 9 10 26 27 27 27 27 27 27 27 27 27 27 27 27 27 27 27 27 27 27 27 27 27 27 27 27 27 27 27 27 27 27 27 27 27
29 15 10 9 10 26 33 26 33 26
11 4 6 7 5 8 9 6 7 12 8
24 14 15 10 9 10
28 15 10 9 10 26
36 15 10 9 10 26 26 33 26 37 37
25 15 10 9 10 26 27 27 27 27 27 27 27 27 27 27 27 27 27 27 27 27 27 27 27 27 27 27 27 27 27 27 27 27 27 27 27 27 27
15 31 10 9 10 26
15 29 10 9 10 26 33 26 33 26
15 36 10 9 10 26 26 33 26 37 37
15 36 10 9 10 26 26 33 26 37 37
25 15 10 9 10 26 27 27 27 27 27 27 27 27 27 27 27 27 27 27 27 27 27 27 27 27 27 27 27 27 27 27 27 27 27 27 27 27 27
15 25 10 9 10 26 27 27 27 27 27 27 27 27 27 27 27 27 27 27 27 27 27 27 27 27 27 27 27 27 27 27 27 27 27 27 27 27 27
11 4 6 7 5 8 9 6 7 12 8
25 15 10 9 10 26 27 27 27 27 27 27 27 27 27 27 27 27 27 27 27 27 27 27 27 27 27 27 27 27 27 27 27 27 27 27 27 27 27
11 4 6 7 5 8 9 6 7 12 8
28 15 10 9 10 26
15 28 10 9 10 26
28 15 10 9 10 26
15 28 10 9 10 26
15 25 10 9 10 26 27 27 27 27 27 27 27 27 27 27 27 27 27 27 27 27 27 27 27 27 27 27 27 27 27 27 27 27 27 27 27 27 27
28 15 10 9 10 26
15 24 10 9 10
15 36 10 9 10 26 26 33 26 37 37 33 26 37 37
11 4 6 7 5 8 9 6 7 12 8
29 15 10 9 10 26 33 26 33 26
25 15 10 9 10 26 27 27 27 27 27 27 27 27 27 27 27 27 27 27 27 27 27 27 27 27 27 27 27 27 27 27 27 27 27 27 27 27 27
11 4 6 7 5 8 9 6 7 12 8
25 15 10 9 10 26 27 27 27 27 27 27 27 27 27 27 27 27 27 27 27 27 27 27 27 27 27 27 27 27 27 27 27 27 27 27 27 27 27
15 10 25 9 10 26 27 27 27 27 27 27 27 27 27 27 27 27 27 27 27 27 27 27 27 27 27 27 27 27 27 27 27 27 27 27 27 27 27
15 25 10 9 10 26 27 27 27 27 27 27 27 27 27 27 27 27 27 27 27 27 27 27 27 27 27 27 27 27 27 27 27 27 27 27 27 27 27
36 15 10 9 10 26 26 33 26 37 37
15 29 10 9 10 26 33 26 33 26
15 24 10 9 10
4
11 4 6 7 5 8 9 6 7 12 8
24 15 10 9
15 29 10 9 10 26 33 26 33 26
24 15 10 9 10
15 29 10 9 10 26 33 33 33 33 33 33 33 33 33 33 33 33 33 33 33 33 33 33 33 33 33 33 33 33 33 33 33 33 33 33 33 33 33 33 33 33 33 33 33 33 33 33 33 33 33 33 33 33 33 33 33 33 33 33 33 33 33 33 33 33 33 33 33 33 33 33 33 33 33 33 33 33 33 33 33 33 33 33 33 33 33 33 33 33 33 33 33 33 33 33 33 33 33 33 33 33 33 33 33 33 33 33 33 33 33 33 33 33 33 33 33 33 33 33 33 33 33 33 33 33 33 33 33 33 33 33 33 33 33 33 33 33 33 33 33 33 33 33 33 33 33 33 33 33 33 33 33 33 33 33 33 33 33 33 33 33 33 33 33 33 33 33 33 33 33 33 33 33 33 33 33 33 33 33 33 33 33 33 33 33 33 33 33 33 33 33 33 33 33 33 33 33 33 33 33 33 33 33 33 33 33 33 33 33 33 33 33 33 33 33 33 33 33 33 33 33 33 33 33 33 33 33 33 33 33 33 33 33 33 33 33 33 33 33 33 33 33 33 33 33 33 33 33 33 33 33 33 33 33 33 33 33 33 33 33 33 33 33 33 33 33 33 33 33 33 33 33 33 33 33 33 33 33 33 26 26 33 26 33 26 26 33 26 33 26 33 26 26 33 26 26
25 15 10 9 10 26 27 27 27 27 27 27 27 27 27 27 27 27 27 27 27 27 27 27 27 27 27 27 27 27 27 27 27 27 27 27 27 27 27
28 15 10 9 10 26
28 15 10 9 10 26
39 15 10 9 10 26 26
11 4 6 7 5 8 9 12 6 7 8
28 15 10 9 10 26
15 25 10 9 10 26 27 27 27 27 27 27 27 27 27 27 27 27 27 27 27 27 27 27 27 27 27 27 27 27 27 27 27 27 27 27 27 27 27
11 4 6 7 5 8 9 6 7 12 8
15 29 10 9 10 26 33 26 33 26
15 24 10 9 10
11 4 6 7 5 8 9 12 6 7 8
15 25 10 9 10 26 27 27 27 27 27 27 27 27 27 27 27 27 27 27 27 27 27 27 27 27 27 27 27 27 27 27 27 27 27 27 27 27 27
28 15 10 9 10 26
25 15 10 9 10 26 27 27 27 27 27 27 27 27 27 27 27 27 27 27 27 27 27 27 27 27 27 27 27 27 27 27 27 27 27 27 27 27 27
25 15 10 9 10 26 27 27 27 27 27 27 27 27 27 27 27 27 27 27 27 27 27 27 27 27 27 27 27 27 27 27 27 27 27 27 27 27 27
25 15 10 9 10 26 27 27 27 27 27 27 27 27 27 27 27 27 27 27 27 27 27 27 27 27 27 27 27 27 27 27 27 27 27 27 27 27 27
15 24 10 9 10
24 15 10 9 10
31 15 10 9 10 26
25 15 10 9 10 26 27 27 27 27 27 27 27 27 27 27 27 27 27 27 27 27 27 27 27 27 27 27 27 27 27 27 27 27 27 27 27 27 27
11 6 7 4 5 8 9 6 7 12 8
25 15 10 9 10 26 27 27 27 27 27 27 27 27 27 27 27 27 27 27 27 27 27 27 27 27 27 27 27 27 27 27 27 27 27 27 27 27 27
15 29 10 9 10 26 33 26 33 26 26
15 24 10 9 10
25 15 10 9 10 26 27 27 27 27 27 27 27 27 27 27 27 27 27 27 27 27 27 27 27 27 27 27 27 27 27 27 27 27 27 27 27 27 27
15 25 10 9 10 26 27 27 27 27 27 27 27 27 27 27 27 27 27 27 27 27 27 27 27 27 27 27 27 27 27 27 27 27 27 27 27 27 27
25 15 10 9 10 26 27 27 27 27 27 27 27 27 27 27 27 27 27 27 27 27 27 27 27 27 27 27 27 27 27 27 27 27 27 27 27 27 27
25 15 10 9 10 26 27 27 27 27 27 27 27 27 27 27 27 27 27 27 27 27 27 27 27 27 27 27 27 27 27 27 27 27 27 27 27 27 27
25 15 10 9 10 26 27 27 27 27 27 27 27 27 27 27 27 27 27 27 27 27 27 27 27 27 27 27 27 27 27 27 27 27 27 27 27 27 27
15 29 10 9 10 26 33 26 33 26
39 15 10 9 10 26 26
15 25 10 9 10 26 27 27 27 27 27 27 27 27 27 27 27 27 27 27 27 27 27 27 27 27 27 27 27 27 27 27 27 27 27 27 27 27 27
15 25 10 9 10 26 27 27 27 27 27 27 27 27 27 27 27 27 27 27 27 27 27 27 27 27 27 27 27 27 27 27 27 27 27 27 27 27 27
15 28 10 9 10 26
25 15 10 9 10 26 27 27 27 27 27 27 27 27 27 27 27 27 27 27 27 27 27 27 27 27 27 27 27 27 27 27 27 27 27 27 27 27 27
15 25 10 9 10 26 27 27 27 27 27 27 27 27 27 27 27 27 27 27 27 27 27 27 27 27 27 27 27 27 27 27 27 27 27 27 27 27 27
40 15 10 9 10 26 26 26 26 33
15 29 10 9 10 26 33 26 33 26
31 15 10 9 10 26
15 25 10 9 10 26 27 27 27 27 27 27 27 27 27 27 27 27 27 27 27 27 27 27 27 27 27 27 27 27 27 27 27 27 27 27 27 27 27
25 15 10 9 10 26 27 27 27 27 27 27 27 27 27 27 27 27 27 27 27 27 27 27 27 27 27 27 27 27 27 27 27 27 27 27 27 27 27
28 15 10 9 10 26
31 15 10 9 10 26
15 29 10 9 10 26 33 26 33 26
11 4 6 5 7 8 9 6 7 12 8
11 4 6 7 5 8 9 6 7 12 8
24 15 10 9 10
15 24 10 9 10
11 4 5 6 7 8 9 6 7 12 8
25 15 10 9 10 26 27 27 27 27 27 27 27 27 27 27 27 27 27 27 27 27 27 27 27 27 27 27 27 27 27 27 27 27 27 27 27 27 27
15 24 10 9 10
1
15 24 10 9 10
24 15 10 9
31 15 10 9 10 26
25 15 10 9 10 26 27 27 27 27 27 27 27 27 27 27 27 27 27 27 27 27 27 27 27 27 27 27 27 27 27 27 27 27 27 27 27 27 27
25 15 10 9 10 26 27 27 27 27 27 27 27 27 27 27 27 27 27 27 27 27 27 27 27 27 27 27 27 27 27 27 27 27 27 27 27 27 27
25 15 10 9 10 26 27 27 27 27 27 27 27 27 27 27 27 27 27 27 27 27 27 27 27 27 27 27 27 27 27 27 27 27 27 27 27 27 27
1
15 25 10 9 10 26 27 27 27 27 27 27 27 27 27 27 27 27 27 27 27 27 27 27 27 27 27 27 27 27 27 27 27 27 27 27 27 27 27
15 25 10 9 10 26 27 27 27 27 27 27 27 27 27 27 27 27 27 27 27 27 27 27 27 27 27 27 27 27 27 27 27 27 27 27 27 27 27
25 15 10 9 10 26 27 27 27 27 27 27 27 27 27 27 27 27 27 27 27 27 27 27 27 27 27 27 27 27 27 27 27 27 27 27 27 27 27
15 24 10 9 10
31 15 10 9 10 26
28 15 10 9 10 26
15 35 10 9 10 26 33 33 33 33 26 33 26 26 26 26 26 26 26 26 26 26
24 15 10 9 10
25 15 10 9 10 26 27 27 27 27 27 27 27 27 27 27 27 27 27 27 27 27 27 27 27 27 27 27 27 27 27 27 27 27 27 27 27 27 27
28 15 10 9 10 26
15 24 10 9
25 15 10 9 10 26 27 27 27 27 27 27 27 27 27 27 27 27 27 27 27 27 27 27 27 27 27 27 27 27 27 27 27 27 27 27 27 27 27
11 4 6 7 5 8 9 12 6 7 8
29 15 10 9 10 26 33 26 33 26 26
11 4 6 7 5 8 9 6 7 12 8
24 15 10 9 10
25 15 10 9 10 26 27 27 27 27 27 27 27 27 27 27 27 27 27 27 27 27 27 27 27 27 27 27 27 27 27 27 27 27 27 27 27 27 27
15 29 10 9 10 26 33 26 33 26
15 28 10 9 10 26
25 15 10 9 10 26 27 27 27 27 27 27 27 27 27 27 27 27 27 27 27 27 27 27 27 27 27 27 27 27 27 27 27 27 27 27 27 27 27
25 15 10 9 10 26 27 27 27 27 27 27 27 27 27 27 27 27 27 27 27 27 27 27 27 27 27 27 27 27 27 27 27 27 27 27 27 27 27
15 25 10 9 10 26 27 27 27 27 27 27 27 27 27 27 27 27 27 27 27 27 27 27 27 27 27 27 27 27 27 27 27 27 27 27 27 27 27
32 15 10 9 10 26 26 26 26 26 26 33 26 26 33 26 26 27 33 26 26 27 33 26 26 27 33 26 26 27 33 26 26 27 33 26 26 27 33 26 26 26 26 27 33 26 26 33 26 26 33 26 26 33 26 26
28 15 10 9 10 26
25 15 10 9 10 26 27 27 27 27 27 27 27 27 27 27 27 27 27 27 27 27 27 27 27 27 27 27 27 27 27 27 27 27 27 27 27 27 27
24 15 10 9 10
25 15 10 9 10 26 27 27 27 27 27 27 27 27 27 27 27 27 27 27 27 27 27 27 27 27 27 27 27 27 27 27 27 27 27 27 27 27 27
11 4 6 7 5 8 9 6 7 12 8
15 29 10 9 10 26 33 26 33 26
29 15 10 9 10 26 33 26 33 26 26
15 28 10 9 10 26
11 4 6 7 5 8 9 6 7 12 8
15 25 10 9 10 26 27 27 27 27 27 27 27 27 27 27 27 27 27 27 27 27 27 27 27 27 27 27 27 27 27 27 27 27 27 27 27 27 27
25 15 10 9 10 26 27 27 27 27 27 27 27 27 27 27 27 27 27 27 27 27 27 27 27 27 27 27 27 27 27 27 27 27 27 27 27 27 27
36 15 10 9 10 26 26 33 26 37 37
25 15 10 9 10 26 27 27 27 27 27 27 27 27 27 27 27 27 27 27 27 27 27 27 27 27 27 27 27 27 27 27 27 27 27 27 27 27 27
15 36 10 9 10 26 26 33 26 37 37
29 15 10 9 10 26 33 33 33 33 33 33 33 26 33 26 33 26 33 26 33 26 33 26 33 26 33 26
28 15 10 9 10 26
25 15 10 9 10 26 27 27 27 27 27 27 27 27 27 27 27 27 27 27 27 27 27 27 27 27 27 27 27 27 27 27 27 27 27 27 27 27 27
15 24 10 9 10
15 31 10 9 10 26
11 4 6 7 5 8 9 6 7 12 8
11 4 6 7 5 8 9 6 7 12 8
15 24 10 9
15 25 10 9 10 26 27 27 27 27 27 27 27 27 27 27 27 27 27 27 27 27 27 27 27 27 27 27 27 27 27 27 27 27 27 27 27 27 27
15 24 10 9 10
15 28 10 9 10 26
28 15 10 9 10 26
11 4 6 7 5 8 9 6 7 12 8
24 15 10 9 10
15 31 10 9 10 26
29 15 10 9 10 26 33 26 33 26
3 4 5 6 7 8 9 10
15 32 10 9 10 26 26 26 26 26 26 33 26 26 33 26 26 27 33 26 26 27 33 26 26 27 33 26 26 27 33 26 26 27 33 26 26 27 33 26 26 26 26 27 33 26 26 33 26 26 33 26 26 33 26 26
15 28 10 9 10 26
30 15 10 9 10 26 26
24 15 10 9 10
28 15 10 9 10 26
11 4 6 7 5 8 9 6 7 12 8
11 4 6 7 5 8 9 6 12 7 8
1
15 28 10 9 10 26
15 31 10 9 10 26
2
25 15 10 9 10 26 27 27 27 27 27 27 27 27 27 27 27 27 27 27 27 27 27 27 27 27 27 27 27 27 27 27 27 27 27 27 27 27 27
25 15 10 9 10 26 27 27 27 27 27 27 27 27 27 27 27 27 27 27 27 27 27 27 27 27 27 27 27 27 27 27 27 27 27 27 27 27 27
15 25 10 9 10 26 27 27 27 27 27 27 27 27 27 27 27 27 27 27 27 27 27 27 27 27 27 27 27 27 27 27 27 27 27 27 27 27 27
15 38 10 9 10 26
11 4 6 7 5 8 9 6 7 12 8
3 4 5 6 7 8 9 10
15 25 10 9 10 26 27 27 27 27 27 27 27 27 27 27 27 27 27 27 27 27 27 27 27 27 27 27 27 27 27 27 27 27 27 27 27 27 27
24 15 10 9 10
2
11 4 6 7 5 8 9 6 7 12 8
11 4 6 7 5 8 9 6 7 12 8
15 29 10 9 10 26 33 26 33 26
15 25 10 9 10 26 27 27 27 27 27 27 27 27 27 27 27 27 27 27 27 27 27 27 27 27 27 27 27 27 27 27 27 27 27 27 27 27 27
24 15 10 9
28 15 10 9 10 26
15 31 10 9 10 26
15 28 10 9 10 26
28 15 10 9 10 26
15 10 42 9 10 26
11 4 6 7 5 8 9 6 7 12 8
15 25 10 9 10 26 27 27 27 27 27 27 27 27 27 27 27 27 27 27 27 27 27 27 27 27 27 27 27 27 27 27 27 27 27 27 27 27 27
15 35 10 9 10 26 33 26 33 26 26 26 26 26 26 26 26 26 26
15 25 10 9 10 26 27 27 27 27 27 27 27 27 27 27 27 27 27 27 27 27 27 27 27 27 27 27 27 27 27 27 27 27 27 27 27 27 27
15 28 10 9 10 26
15 31 10 9 10 26
15 29 10 9 10 26 33 26 33 26
28 15 10 9 10 26
15 36 10 9 10 26
15 10 25 9 10 26 27 27 27 27 27 27 27 27 27 27 27 27 27 27 27 27 27 27 27 27 27 27 27 27 27 27 27 27 27 27 27 27 27
15 29 10 9 10 26 33 33 33 33 33 33 33 33 33 33 33 33 33 33 33 33 33 33 33 26 33 26 33 26 33 26 33 26 33 26 33 26 33 26 33 26 33 26 33 26
25 15 10 9 10 26 27 27 27 27 27 27 27 27 27 27 27 27 27 27 27 27 27 27 27 27 27 27 27 27 27 27 27 27 27 27 27 27 27
15 24 10 9 10
11 4 6 7 5 8 9 6 7 12 8
28 15 10 9 10 26
15 28 10 9 10 26
28 15 10 9 10 26
15 29 10 9 10 26 33 26 33 26
15 25 10 9 10 26 27 27 27 27 27 27 27 27 27 27 27 27 27 27 27 27 27 27 27 27 27 27 27 27 27 27 27 27 27 27 27 27 27
35 15 10 9 10 26 33 26 33 26 26 26
15 35 10 9 10 26 33 26 33 26 26
38 15 10 9 10 26
25 15 10 9 10 26 27 27 27 27 27 27 27 27 27 27 27 27 27 27 27 27 27 27 27 27 27 27 27 27 27 27 27 27 27 27 27 27 27
24 15 10 9 10
15 31 10 9 10 26
31 15 10 9 10 26
15 25 10 9 10 26 27 27 27 27 27 27 27 27 27 27 27 27 27 27 27 27 27 27 27 27 27 27 27 27 27 27 27 27 27 27 27 27 27
15 24 10 9 10
11 4 6 7 5 8 9 6 7 12 8
25 15 10 9 10 26 27 27 27 27 27 27 27 27 27 27 27 27 27 27 27 27 27 27 27 27 27 27 27 27 27 27 27 27 27 27 27 27 27
15 32 10 9 10 26 26 26 26 33 26 26 33 26 26 33 26 26 33 26 26 33 26 26 33 26 26 33 26 26 33 26 26 33 26 26 33 26 26 33 26 26 33 26 26 27 33 26 26 27 33 26 26 27 33 26 26 27 33 26 26 27 33 26 26 27 33 26 26 27 33 26 26 27 33 26 26 27 33 26 26 27 33 26 26 27 33 26 26 27 33 26 26 27 33 26 26 27 33 26 26 27 33 26 26 27 33 26 26 27 33 26 26 27 33 26 26 27 33 26 26 27 33 26 26 27 33 26 26 27 33 26 26 27 33 26 26 27 33 26 26 26 26 26 26 26 26 26 26 27 33 26 26 27 33 26 26 27 33 26 26 27 33 26 26 26 26 33 26 26 33 26 26 33 26 26 33 26 26 33 26 26 33 26 26 33 26 26 33 26 26 33 26 26 33 26 26 33 26 26 26 26 26 26 26 26
28 15 10 9 10 26
25 15 10 9 10 26 27 27 27 27 27 27 27 27 27 27 27 27 27 27 27 27 27 27 27 27 27 27 27 27 27 27 27 27 27 27 27 27 27
15 25 10 9 10 26 27 27 27 27 27 27 27 27 27 27 27 27 27 27 27 27 27 27 27 27 27 27 27 27 27 27 27 27 27 27 27 27 27
15 24 10 9 10
25 15 10 9 10 26 27 27 27 27 27 27 27 27 27 27 27 27 27 27 27 27 27 27 27 27 27 27 27 27 27 27 27 27 27 27 27 27 27
15 36 10 9 10 26
15 28 10 9 10 26
28 15 10 9 10 26
15 29 10 9 10 26 33 26 33 26 26
15 35 10 9 10 26 33 26 33 26 26
28 15 10 9 10 26
11 4 6 7 5 8 9 6 7 12 8
15 31 10 9 10 26
15 25 10 9 10 26 27 27 27 27 27 27 27 27 27 27 27 27 27 27 27 27 27 27 27 27 27 27 27 27 27 27 27 27 27 27 27 27 27
11 4 6 7 5 8 9 6 12 7 8
15 31 10 9 10 26
15 28 10 9 10 26
15 25 10 9 10 26 27 27 27 27 27 27 27 27 27 27 27 27 27 27 27 27 27 27 27 27 27 27 27 27 27 27 27 27 27 27 27 27 27
15 28 10 9 10 26
15 28 10 9 10 26
29 15 10 9 10 26 26
15 28 10 9 10 26
36 15 10 9 10 26 26 33 26 37 37
28 15 10 9 10 26
15 25 10 9 10 26 27 27 27 27 27 27 27 27 27 27 27 27 27 27 27 27 27 27 27 27 27 27 27 27 27 27 27 27 27 27 27 27 27
25 15 10 9 10 26 27 27 27 27 27 27 27 27 27 27 27 27 27 27 27 27 27 27 27 27 27 27 27 27 27 27 27 27 27 27 27 27 27
15 25 10 9 10 26 27 27 27 27 27 27 27 27 27 27 27 27 27 27 27 27 27 27 27 27 27 27 27 27 27 27 27 27 27 27 27 27 27
11 4 6 7 5 8 9 6 7 12 8
41 15 10 9 10 27 33
11 6 7 4 5 8 9 6 7 12 8
15 24 10 9 10
15 36 10 9 10 26 26 33 26 37 37
11 4 6 7 5 8 9 6 7 12 8
25 15 10 9 10 26 27 27 27 27 27 27 27 27 27 27 27 27 27 27 27 27 27 27 27 27 27 27 27 27 27 27 27 27 27 27 27 27 27
11 4 6 7 5 8 9 6 7 12 8
25 15 10 9
11 4 6 7 5 8 9 6 7 12 8
28 15 10 9 10 26
15 31 10 9 10 26
15 24 10 9 10
15 31 10 9 10 26
15 29 10 9 10 26 33 26 33 26
15 25 10 9 10 26 27 27 27 27 27 27 27 27 27 27 27 27 27 27 27 27 27 27 27 27 27 27 27 27 27 27 27 27 27 27 27 27 27
25 15 10 9 10 26 27 27 27 27 27 27 27 27 27 27 27 27 27 27 27 27 27 27 27 27 27 27 27 27 27 27 27 27 27 27 27 27 27
15 32 10 9 10 26 26 26 26 26 26 33 26 26 33 26 26 27 33 26 26 27 33 26 26 27 33 26 26 27 33 26 26 27 33 26 26 27 33 26 26 26 26 27 33 26 26 33 26 26 33 26 26 26 26
11 4 6 7 5 8 9 6 7 12 8
1
15 31 10 9 10 26
15 36 10 9 10 26 26 33 26 37 37
25 15 10 9 10 26 27 27 27 27 27 27 27 27 27 27 27 27 27 27 27 27 27 27 27 27 27 27 27 27 27 27 27 27 27 27 27 27 27
15 25 10 9 10 26 27 27 27 27 27 27 27 27 27 27 27 27 27 27 27 27 27 27 27 27 27 27 27 27 27 27 27 27 27 27 27 27 27
29 15 10 9 10 26 33 26 33 26
15 29 10 9 10 26 33 26 33 26
25 15 10 9 10 26 27 27 27 27 27 27 27 27 27 27 27 27 27 27 27 27 27 27 27 27 27 27 27 27 27 27 27 27 27 27 27 27 27
15 29 10 9 10 26 33 26 33 26
15 29 10 9 10 26 33 26 33 26
25 15 10 9 10 26 27 27 27 27 27 27 27 27 27 27 27 27 27 27 27 27 27 27 27 27 27 27 27 27 27 27 27 27 27 27 27 27 27
15 25 10 9 10 26 27 27 27 27 27 27 27 27 27 27 27 27 27 27 27 27 27 27 27 27 27 27 27 27 27 27 27 27 27 27 27 27 27
15 24 10 9 10
15 25 10 9 10 26 27 27 27 27 27 27 27 27 27 27 27 27 27 27 27 27 27 27 27 27 27 27 27 27 27 27 27 27 27 27 27 27 27
15 25 10 9 10 26 27 27 27 27 27 27 27 27 27 27 27 27 27 27 27 27 27 27 27 27 27 27 27 27 27 27 27 27 27 27 27 27 27
29 15 10 9 10 26 33 26 33 26
15 25 10 9 10 26 27 27 27 27 27 27 27 27 27 27 27 27 27 27 27 27 27 27 27 27 27 27 27 27 27 27 27 27 27 27 27 27 27
24 15 10 9 10
11 4 6 7 5 8 9 6 7 12 8
29 15 10 9 10 26 33 33 33 33 33 33 33 33 33 33 33 33 33 33 33 33 33 33 33 33 33 33 33 33 33 33 33 33 33 33 33 33 33 33 33 33 33 33 33 33 33 33 33 33 33 33 33 33 33 33 33 33 33 33 33 33 33 33 33 33 33 33 33 33 33 33 33 33 33 33 33 33 33 33 33 33 33 33 33 33 33 33 33 33 33 33 33 33 33 33 33 33 33 33 33 33 33 33 33 33 33 33 33 33 33 33 33 33 33 33 33 33 33 33 33 33 33 33 33 33 33 33 33 33 33 33 33 33 33 33 33 33 33 33 33 33 33 33 33 33 33 33 33 33 33 33 33 33 33 33 33 33 33 33 33 33 33 33 33 33 33 33 33 33 33 33 33 33 33 33 33 33 33 33 33 33 33 33 33 33 33 33 33 33 33 33 33 33 33 33 33 33 33 33 33 33 33 33 33 33 33 33 33 33 33 33 33 33 33 33 33 33 33 33 33 33 33 33 33 33 33 33 33 33 33 33 33 33 33 33 33 33 33 33 33 33 33 33 33 33 33 33 33 33 33 33 33 33 33 33 33 33 33 33 33 33 33 33 33 33 33 33 33 33 33 33 33 33 33 33 33 33 33 33 26 26 33 26 33 26 26 33 26 33 26 33 26 26 33 26 26
36 15 10 9 10
15 25 10 9 10 26 27 27 27 27 27 27 27 27 27 27 27 27 27 27 27 27 27 27 27 27 27 27 27 27 27 27 27 27 27 27 27 27 27
4 6 7 5 8 6 7 12 8
25 15 10 9 10 26 27 27 27 27 27 27 27 27 27 27 27 27 27 27 27 27 27 27 27 27 27 27 27 27 27 27 27 27 27 27 27 27 27
11 4 6 7 5 8 9 6 7 12 8
11 4 6 7 5 8 9 12 6 7 8
15 28 10 9 10 26
15 31 10 9 10 26
15 28 10 9 10 26
15 25 10 9 10 26 27 27 27 27 27 27 27 27 27 27 27 27 27 27 27 27 27 27 27 27 27 27 27 27 27 27 27 27 27 27 27 27 27
15 36 10 9 10 26 26 33 26 37 37 33 26 37 37
15 29 10 9 10 26 33 26 33 26
15 28 10 9 10 26
15 24 10 9 10
15 25 10 9 10 26 27 27 27 27 27 27 27 27 27 27 27 27 27 27 27 27 27 27 27 27 27 27 27 27 27 27 27 27 27 27 27 27 27
18
15 25 10 9 10 26 27 27 27 27 27 27 27 27 27 27 27 27 27 27 27 27 27 27 27 27 27 27 27 27 27 27 27 27 27 27 27 27 27
15 28 10 9 10 26
1
30 15 10 9 10 26 26
31 15 10 9 10 26
15 24 10 9 10
15 25 10 9 10 26 27 27 27 27 27 27 27 27 27 27 27 27 27 27 27 27 27 27 27 27 27 27 27 27 27 27 27 27 27 27 27 27 27
15 31 10 9 10 26
24 15 10 9 10
15 31 10 9 10 26
15 28 10 9 10 26
15 35 10 9 10 26 33 26 33 26 26 26 26 26 26
15 28 10 9 10 26
15 24 10 9 10
25 15 10 9 10 26 27 27 27 27 27 27 27 27 27 27 27 27 27 27 27 27 27 27 27 27 27 27 27 27 27 27 27 27 27 27 27 27 27
11 4 6 7 5 8 9 6 7 12 8
28 15 10 9 10 26
15 28 10 9 10 26
24 15 10 9 10
29 15 10 9 10 26 33 26 33 26
24 15 10 9
11 4 6 7 5 8 9 6 7 12 8
25 15 10 9 10 26 27 27 27 27 27 27 27 27 27 27 27 27 27 27 27 27 27 27 27 27 27 27 27 27 27 27 27 27 27 27 27 27 27
15 10 24 9 10
15 25 10 9 10 26 27 27 27 27 27 27 27 27 27 27 27 27 27 27 27 27 27 27 27 27 27 27 27 27 27 27 27 27 27 27 27 27 27
25 15 10 9 10 26 27 27 27 27 27 27 27 27 27 27 27 27 27 27 27 27 27 27 27 27 27 27 27 27 27 27 27 27 27 27 27 27 27
25 15 10 9 10 26 27 27 27 27 27 27 27 27 27 27 27 27 27 27 27 27 27 27 27 27 27 27 27 27 27 27 27 27 27 27 27 27 27
15 24 10 9
32 15 10 9 10 26 26 26 26 33 26 26 26 26 26 26 26 26 33 26 26 33 26 26 33 26 26 33 26 26 27 33 26 26 27 33 26 26 27 33 26 26 27 33 26 26 27 33 26 26 27 33 26 26 27 33 26 26 27 33 26 26 27 33 26 26 27 33 26 26 33 26 26 26 26 27 33 26 26 27 33 26 26 33 26 26 33 26 26 26 26 33 26 26 26 26 26 26 33 26 26 26 26 33 26 26 33 26 26 26 26 26 26 26 26 26 26 27 33 26 26 26 26 27 33 26 26 33 26 26 33 26 26
29 15 10 9 10 26 33 26 33 26 26
28 15 10 9 10 26
11 4 6 7 5 8 9 6 7 12 8
25 15 10 9 10 26 27 27 27 27 27 27 27 27 27 27 27 27 27 27 27 27 27 27 27 27 27 27 27 27 27 27 27 27 27 27 27 27 27
25 15 10 9 10 26 27 27 27 27 27 27 27 27 27 27 27 27 27 27 27 27 27 27 27 27 27 27 27 27 27 27 27 27 27 27 27 27 27
15 25 10 9 10 26 27 27 27 27 27 27 27 27 27 27 27 27 27 27 27 27 27 27 27 27 27 27 27 27 27 27 27 27 27 27 27 27 27
15 36 10 9 10 26 26 33 26 37 37
15 28 10 9 10 26
29 15 10 9 10 26 33 26 33 26
15 24 10 9 10
15 24 10 9 10
25 15 10 9 10 26 27 27 27 27 27 27 27 27 27 27 27 27 27 27 27 27 27 27 27 27 27 27 27 27 27 27 27 27 27 27 27 27 27
28 15 10 9 10 26
11 4 5 6 7 8 9 6 7 12 8
15 24 10 9 10
15 28 10 9 10 26
15 24 10 9 10
25 15 10 9 10 26 27 27 27 27 27 27 27 27 27 27 27 27 27 27 27 27 27 27 27 27 27 27 27 27 27 27 27 27 27 27 27 27 27
15 29 10 9 10 26 33 33 33 33 33 33 33 33 33 33 33 33 33 33 33 33 33 33 33 33 33 33 33 33 33 33 33 33 33 33 33 33 33 33 33 33 33 33 33 33 33 33 33 33 33 33 33 33 33 33 33 33 33 33 33 33 33 33 33 33 33 33 33 33 33 33 33 33 33 33 33 33 33 33 33 33 33 33 33 33 33 33 33 33 33 33 33 33 33 33 33 33 33 33 33 33 33 33 33 33 33 33 33 33 33 33 33 33 33 33 33 33 33 33 33 33 33 33 33 33 33 33 33 33 33 33 33 33 33 33 33 33 33 33 33 33 33 33 33 33 33 33 33 33 33 33 33 33 33 33 33 33 33 33 33 33 33 33 33 33 33 33 33 33 33 33 33 33 33 33 33 33 33 33 33 33 33 33 33 33 33 33 33 33 33 33 33 33 33 33 33 33 33 33 33 33 33 33 33 33 33 33 33 33 33 33 33 33 33 33 33 33 33 33 33 33 33 33 33 33 33 33 33 33 33 33 33 33 33 33 33 33 33 33 33 33 33 33 33 33 33 33 33 33 33 33 33 33 33 33 33 33 33 33 33 33 33 33 33 33 33 33 33 33 33 33 33 33 33 33 33 33 33 33 26 26 33 26 33 26 26 33 26 33 26 33 26 26 33 26 26
11 4 6 7 5 8 9 6 7 12 8
24 15 10 9 10
24 15 10 9 10
32 15 10 9 10 26 26 26 26 33 26 26 33 26 26 33 26 26 27 33 26 26 27 33 26 26 27 33 26 26 27 33 26 26 27 33 26 26 27 33 26 26 26 26 27 33 26 26 33 26 26 33 26 26 33 26 26
4 6 5 7 8 6 7 12 8
15 25 10 9 10 26 27 27 27 27 27 27 27 27 27 27 27 27 27 27 27 27 27 27 27 27 27 27 27 27 27 27 27 27 27 27 27 27 27
15 28 10 9 10 26
28 15 10 9 10 26
15 29 10 9 10 26 33 26 33 26
